Minimize number of components
Change number of vertices in partitions and k in k-bisections
 k: 2                                k: 3                                k: 4                                k: 5                                k: 6                               
Difference:
 0   1   2   3   4   5               0   1   2   3   4   5               0   1   2   3   4   5               0   1   2   3   4   5               0   1   2   3   4   5              
 4 | 3 |   |   |   |   |             3 |   |   |   |   |   |             3 |   |   |   |   |   |             2 |   |   |   |   |   |             2 |   |   |   |   |   |            
 2 |   |   |   |   |   |             2 |   |   |   |   |   |             2 |   |   |   |   |   |             2 |   |   |   |   |   |             2 |   |   |   |   |   |            
 4 | 3 |   |   |   |   |             3 |   |   |   |   |   |             2 |   |   |   |   |   |             2 |   |   |   |   |   |             2 |   |   |   |   |   |            
 2 |   |   |   |   |   |             2 |   |   |   |   |   |             2 |   |   |   |   |   |             2 |   |   |   |   |   |             2 |   | 1 |                        
 4 |   |   |   |   |   |             2 |   |   |   |   |   |             2 |   |   |   |   |   |             2 |   |   |   |   |   |             2 |   |   |   |   |   |            
 4 | 3 |   |   |   |   |             3 |   |   |   |   |   |             2 |   |   |   |   |   |             2 |   |   |   |   |   |             2 |   |   |   |   |   |            
 4 |   |   |   |   |   |             3 |   |   |   |   |   |             2 |   |   |   |   |   |             2 |   |   |   |   |   |             2 |   |   |   |   |   |            
 2 |   |   |   |   |   |             2 | 1 |                             2 | 1 |                             2 | 1 |                             2 | 1 |                            
 2 |   |   |   |   |   |             2 |   |   |   |   |   |             2 |   |   |   |   |   |             2 |   |   |   |   |   |             2 |   |   |   |   |   |            
 4 | 3 |   |   |   |   |             3 |   |   |   |   |   |             3 |   |   |   |   |   |             2 |   |   |   |   |   |             2 |   |   |   |   |   |            
 4 | 3 |   |   |   |   |             3 |   |   |   |   |   |             2 |   |   |   |   |   |             2 |   |   |   |   |   |             2 |   |   |   |   |   |            
 2 |   |   |   |   |   |             2 |   |   |   |   |   |             2 |   |   |   |   |   |             2 |   |   |   |   |   |             2 |   | 1 |                        
 2 |   |   |   |   |   |             2 |   |   |   |   |   |             2 |   |   |   |   |   |             2 |   |   |   |   |   |             2 |   | 1 |                        
 4 | 3 |   |   |   |   |             3 |   |   |   |   |   |             2 |   |   |   |   |   |             2 |   |   |   |   |   |             2 |   |   |   |   |   |            
 4 |   |   |   |   |   |             3 |   |   |   |   |   |             3 |   |   |   |   |   |             2 |   |   |   |   |   |             2 |   |   |   |   |   |            
 4 | 3 |   |   |   |   |             3 |   |   |   |   |   |             2 |   |   |   |   |   |             2 |   |   |   |   |   |             2 |   |   |   |   |   |            
 2 |   |   |   |   |   |             2 |   |   |   |   |   |             2 |   |   |   |   |   |             2 |   |   |   |   |   |             2 |   | 1 |                        
 4 | 3 |   |   |   |   |             2 |   |   |   |   |   |             2 |   |   |   |   |   |             2 |   |   |   |   |   |             2 |   |   |   |   |   |            
 2 |   |   |   |   |   |             2 | 1 |                             2 | 1 |                             2 | 1 |                             2 | 1 |                            
 4 |   |   |   |   |   |             3 |   |   |   |   |   |             2 |   |   |   |   |   |             2 |   |   |   |   |   |             2 |   |   |   |   |   |            
 4 | 3 |   |   |   |   |             3 |   |   |   |   |   |             2 |   |   |   |   |   |             2 |   |   |   |   |   |             2 |   |   |   |   |   |            
 2 |   |   |   |   |   |             2 |   |   |   |   |   |             2 |   |   |   |   |   |             2 |   |   |   |   |   |             2 |   | 1 |                        
 2 |   |   |   |   |   |             2 |   |   |   |   |   |             2 |   |   |   |   |   |             2 |   |   |   |   |   |             2 |   |   |   |   |   |            
 4 | 3 |   |   |   |   |             3 |   |   |   |   |   |             2 |   |   |   |   |   |             2 |   |   |   |   |   |             2 |   |   |   |   |   |            
 2 |   |   |   |   |   |             2 |   |   |   |   |   |             2 | 1 |                             2 | 1 |                             2 | 1 |                            
 4 |   |   |   |   |   |             4 |   |   |   |   |   |             2 |   |   |   |   |   |             2 |   |   |   |   |   |             2 |   |   |   |   |   |            
 2 |   |   |   |   |   |             2 |   |   |   |   |   |             2 | 1 |                             2 | 1 |                             2 | 1 |                            
 2 |   |   |   |   |   |             2 |   |   |   |   |   |             2 |   |   |   |   |   |             2 |   |   |   |   |   |             2 |   |   |   |   |   |            
 4 | 3 |   |   |   |   |             3 |   |   |   |   |   |             2 |   |   |   |   |   |             2 |   |   |   |   |   |             2 |   |   |   |   |   |            
 2 |   |   |   |   |   |             2 |   |   |   |   |   |             2 |   |   |   |   |   |             2 |   |   |   |   |   |             2 |   | 1 |                        
 2 |   |   |   |   |   |             2 |   |   |   |   |   |             2 | 1 |                             2 | 1 |                             2 | 1 |                            
 2 |   |   |   |   |   |             2 |   |   |   |   |   |             2 | 1 |                             2 | 1 |                             2 | 1 |                            
 2 |   |   |   |   |   |             2 |   |   |   |   |   |             2 |   |   |   |   |   |             2 |   |   |   |   |   |             2 |   | 1 |                        
 2 |   |   |   |   |   |             2 |   |   |   |   |   |             2 |   |   |   |   |   |             2 |   |   |   |   |   |             2 |   | 1 |                        
 4 | 3 |   |   |   |   |             3 |   |   |   |   |   |             2 |   |   |   |   |   |             2 |   |   |   |   |   |             2 |   |   |   |   |   |            
 2 |   |   |   |   |   |             2 |   |   |   |   |   |             2 | 1 |                             2 | 1 |                             2 | 1 |                            
 4 | 3 |   |   |   |   |             3 |   |   |   |   |   |             2 |   |   |   |   |   |             2 |   |   |   |   |   |             2 |   |   |   |   |   |            
 2 |   |   |   |   |   |             2 |   |   |   |   |   |             2 | 1 |                             2 | 1 |                             2 | 1 |                            
 4 | 3 |   |   |   |   |             3 |   |   |   |   |   |             2 |   |   |   |   |   |             2 |   |   |   |   |   |             2 |   |   |   |   |   |            
 2 |   |   |   |   |   |             2 |   |   |   |   |   |             2 |   |   |   |   |   |             2 |   |   |   |   |   |             2 |   | 1 |                        
 4 | 3 |   |   |   |   |             3 |   |   |   |   |   |             2 |   |   |   |   |   |             2 |   |   |   |   |   |             2 |   |   |   |   |   |            
 2 |   |   |   |   |   |             2 | 1 |                             2 | 1 |                             2 | 1 |                             2 | 1 |                            
 2 |   |   |   |   |   |             2 | 1 |                             2 | 1 |                             2 | 1 |                             2 | 1 |                            
 4 |   |   |   |   |   |             2 |   |   |   |   |   |             2 |   |   |   |   |   |             2 |   |   |   |   |   |             2 |   |   |   |   |   |            
 4 | 3 |   |   |   |   |             3 |   |   |   |   |   |             2 |   |   |   |   |   |             2 |   |   |   |   |   |             2 |   |   |   |   |   |            
 4 | 3 |   |   |   |   |             3 |   | 2 |   |   |   |             2 |   |   |   |   |   |             2 |   |   |   |   |   |             2 |   | 1 |                        
 2 |   |   |   |   |   |             2 |   |   |   |   |   |             2 | 1 |                             2 | 1 |                             2 | 1 |                            
 4 | 3 |   |   |   |   |             3 |   |   |   |   |   |             2 |   |   |   |   |   |             2 |   |   |   |   |   |             2 |   |   |   |   |   |            
 2 |   |   |   |   |   |             2 | 1 |                             2 | 1 |                             2 | 1 |                             2 | 1 |                            
 2 |   |   |   |   |   |             2 |   |   |   |   |   |             2 | 1 |                             2 | 1 |                             2 | 1 |                            
 2 |   |   |   |   |   |             2 |   |   |   |   |   |             2 | 1 |                             2 | 1 |                             2 | 1 |                            
 4 | 3 |   |   |   |   |             3 |   |   |   |   |   |             2 |   |   |   |   |   |             2 |   |   |   |   |   |             2 |   |   |   |   |   |            
 2 |   |   |   |   |   |             2 |   |   |   |   |   |             2 |   |   |   |   |   |             2 |   |   |   |   |   |             2 |   | 1 |                        
 2 |   |   |   |   |   |             2 |   |   |   |   |   |             2 |   |   |   |   |   |             2 |   |   |   |   |   |             2 |   | 1 |                        
 4 | 3 |   |   |   |   |             3 |   |   |   |   |   |             2 |   |   |   |   |   |             2 |   |   |   |   |   |             2 |   | 1 |                        
 4 | 3 |   |   |   |   |             3 |   |   |   |   |   |             2 |   |   |   |   |   |             2 |   |   |   |   |   |             2 |   | 1 |                        
 2 |   |   |   |   |   |             2 |   |   |   |   |   |             2 |   |   |   |   |   |             2 |   |   |   |   |   |             2 |   | 1 |                        
 2 |   |   |   |   |   |             2 |   |   |   |   |   |             2 |   |   |   |   |   |             2 |   |   |   |   |   |             2 |   | 1 |                        
 4 |   |   |   |   |   |             4 |   |   |   |   |   |             2 |   |   |   |   |   |             2 |   |   |   |   |   |             2 |   |   |   |   |   |            
 2 |   |   |   |   |   |             2 |   |   |   |   |   |             2 | 1 |                             2 | 1 |                             2 | 1 |                            
 2 |   |   |   |   |   |             2 |   |   |   |   |   |             2 | 1 |                             2 | 1 |                             2 | 1 |                            
 6 | 3 |   |   |   |   |             3 |   |   |   |   |   |             3 |   |   |   |   |   |             2 |   |   |   |   |   |             2 |   |   |   |   |   |            
 4 | 3 |   |   |   |   |             3 |   |   |   |   |   |             2 |   |   |   |   |   |             2 |   |   |   |   |   |             2 |   |   |   |   |   |            
 0 |                                 0 |                                 0 |                                 0 |                                 0 |                                
 2 |   |   |   |   |   |             2 |   |   |   |   |   |             2 | 1 |                             2 | 1 |                             2 | 1 |                            
 0 |                                 0 |                                 0 |                                 0 |                                 0 |                                
 2 |   |   |   |   |   |             2 |   |   |   |   |   |             2 | 1 |                             2 | 1 |                             2 | 1 |                            
 2 |   |   |   |   |   |             2 |   |   |   |   |   |             2 |   |   |   |   |   |             2 |   |   |   |   |   |             2 |   | 1 |                        
 2 |   |   |   |   |   |             2 |   |   |   |   |   |             2 | 1 |                             2 | 1 |                             2 | 1 |                            
 2 |   |   |   |   |   |             2 |   |   |   |   |   |             2 | 1 |                             2 | 1 |                             2 | 1 |                            
 0 |                                 0 |                                 0 |                                 0 |                                 0 |                                
 2 |   |   |   |   |   |             2 |   |   |   |   |   |             2 | 1 |                             2 | 1 |                             2 | 1 |                            
 2 |   |   |   |   |   |             2 |   |   |   |   |   |             2 | 1 |                             2 | 1 |                             2 | 1 |                            
 0 |                                 0 |                                 0 |                                 0 |                                 0 |                                
 2 |   |   |   |   |   |             2 |   |   |   |   |   |             2 | 1 |                             2 | 1 |                             2 | 1 |                            
 2 |   |   |   |   |   |             2 |   |   |   |   |   |             2 |   |   |   |   |   |             2 |   |   |   |   |   |             2 |   |   |   |   |   |            
 2 |   |   |   |   |   |             2 |   |   |   |   |   |             2 | 1 |                             2 | 1 |                             2 | 1 |                            
 2 |   |   |   |   |   |             2 |   |   |   |   |   |             2 | 1 |                             2 | 1 |                             2 | 1 |                            
 2 |   |   |   |   |   |             2 |   |   |   |   |   |             2 | 1 |                             2 | 1 |                             2 | 1 |                            
 2 |   |   |   |   |   |             2 |   |   |   |   |   |             2 |   |   |   |   |   |             2 |   |   |   |   |   |             2 |   | 1 |                        
 4 | 3 |   |   |   |   |             3 |   |   |   |   |   |             2 |   |   |   |   |   |             2 |   |   |   |   |   |             2 |   | 1 |                        
 2 |   |   |   |   |   |             2 |   |   |   |   |   |             2 | 1 |                             2 | 1 |                             2 | 1 |                            
 0 |                                 0 |                                 0 |                                 0 |                                 0 |                                
 2 |   |   |   |   |   |             2 |   |   |   |   |   |             2 |   |   |   |   |   |             2 |   |   |   |   |   |             2 |   |   |   |   |   |            
 4 | 3 |   |   |   |   |             3 |   |   |   |   |   |             2 |   |   |   |   |   |             2 |   |   |   |   |   |             2 |   |   |   |   |   |            
