Minimize number of components
Change number of vertices in partitions
Difference:
 0   1   2   3   4   5  
 4 | 3 |   |   |   |   |
 2 |
 4 | 3 |   |   |   |   |
 2 |
 4 |   |   |   |   |   |
 4 | 3 |   |   |   |   |
 4 |   |   |   |   |   |
 2 |
 2 |
 4 | 3 |   |   |   |   |
 4 | 3 |   |   |   |   |
 2 |
 2 |
 4 | 3 |   |   |   |   |
 4 |   |   |   |   |   |
 4 | 3 |   |   |   |   |
 2 |
 4 | 3 |   |   |   |   |
 2 |
 4 |   |   |   |   |   |
 4 | 3 |   |   |   |   |
 2 |
 2 |
 4 | 3 |   |   |   |   |
 2 |
 4 |   |   |   |   |   |
 2 |
 2 |
 4 | 3 |   |   |   |   |
 2 |
 2 |
 2 |
 2 |
 2 |
 4 | 3 |   |   |   |   |
 2 |
 4 | 3 |   |   |   |   |
 2 |
 4 | 3 |   |   |   |   |
 2 |
 4 | 3 |   |   |   |   |
 2 |
 2 |
 4 |   |   |   |   |   |
 4 | 3 |   |   |   |   |
 4 | 3 |   |   |   |   |
 2 |
 4 | 3 |   |   |   |   |
 2 |
 2 |
 2 |
 4 | 3 |   |   |   |   |
 2 |
 2 |
 4 | 3 |   |   |   |   |
 4 | 3 |   |   |   |   |
 2 |
 2 |
 4 |   |   |   |   |   |
 2 |
 2 |
 6 | 3 |   |   |   |   |
 4 | 3 |   |   |   |   |
 0 |
 2 |
 0 |
 2 |
 2 |
 2 |
 2 |
 0 |
 2 |
 2 |
 0 |
 2 |
 2 |
 2 |
 2 |
 2 |
 2 |
 4 | 3 |   |   |   |   |
 2 |
 0 |
 2 |
 4 | 3 |   |   |   |   |
