Minimize number of components
Change k in k-bisections
k:
 2   3   4   5   6   7  
 4 | 3 |   |   | 2 |
 4 | 3 |   |   | 2 |
 4 | 3 |   | 2 |
 4 |   | 3 |   | 2 |
 2 |
 2 |
 4 | 3 |   | 2 |
 4 | 3 | 2 |
 2 |
 2 |
 4 | 3 |   | 2 |
 4 | 3 |   |   | 2 |
 4 | 3 |   | 2 |
 2 |
 4 | 3 |   | 2 |
 2 |
 4 | 3 |   | 2 |
 4 | 3 |   | 2 |
 2 |
 4 |   |   | 2 |
 4 | 3 |   | 2 |
 4 |   | 3 | 2 |
 4 | 3 | 2 |
 4 | 2 |
 4 | 3 | 2 |
 4 | 3 | 2 |
 2 |
 4 | 3 |   | 2 |
 4 | 3 |   | 2 |
 4 | 3 | 2 |
 4 | 3 | 2 |
 4 | 3 | 2 |
 4 | 3 | 2 |
 4 | 3 |   |   | 2 |
 4 | 3 |   | 2 |
 4 | 2 |
 4 | 2 |
 2 |
 4 | 3 | 2 |
 4 | 3 | 2 |
 4 | 3 | 2 |
 2 |
 4 | 3 | 2 |
 2 |
 4 | 3 |   | 2 |
 4 |   | 3 | 2 |
 2 |
 4 | 3 |   | 2 |
 4 | 3 |   | 2 |
 4 | 3 |   | 2 |
 4 | 3 | 2 |
 2 |
 2 |
 2 |
 4 | 3 |   | 2 |
 4 | 3 | 2 |
 2 |
 2 |
 2 |
 4 | 3 |   | 2 |
 2 |
 4 | 3 |   | 2 |
 2 |
 4 | 3 |   | 2 |
 4 | 3 |   | 2 |
 4 | 3 | 2 |
 4 |   | 3 | 2 |
 4 | 3 |   | 2 |
 4 | 3 | 2 |
 4 | 3 |   | 2 |
 4 | 3 | 2 |
 4 |   | 3 | 2 |
 2 |
 4 | 3 |   | 2 |
 4 |   | 3 | 2 |
 4 | 3 | 2 |
 4 | 3 |   | 2 |
 4 | 3 |   | 2 |
 4 | 3 |   | 2 |
 2 |
 4 |   | 3 | 2 |
 4 | 3 | 2 |
 4 | 3 |   | 2 |
 4 | 3 | 2 |
 4 | 3 | 2 |
 4 | 2 |
 4 | 3 | 2 |
 4 | 2 |
 4 | 3 | 2 |
 2 |
 4 | 2 |
 4 | 3 | 2 |
 4 | 3 | 2 |
 4 | 3 | 2 |
 4 | 3 | 2 |
 2 |
 4 | 3 |   |   | 2 |
 4 | 3 | 2 |
 4 | 3 | 2 |
 2 |
 4 | 2 |
 4 | 3 | 2 |
 4 | 3 | 2 |
 2 |
 2 |
 4 | 3 |   | 2 |
 2 |
 4 | 3 | 2 |
 4 | 3 |   | 2 |
 4 | 3 | 2 |
 4 | 3 | 2 |
 4 | 3 | 2 |
 2 |
 2 |
 2 |
 2 |
 2 |
 4 | 3 |   | 2 |
 4 | 3 | 2 |
 6 | 3 |   |   | 2 |
 4 | 3 | 2 |
 4 | 3 |   | 2 |
 4 | 3 |   | 2 |
 2 |
 4 | 3 | 2 |
 2 |
 4 | 3 | 2 |
 4 |   | 2 |
 2 |
 4 | 3 | 2 |
 2 |
 2 |
 4 | 3 | 2 |
 4 | 3 |   | 2 |
 2 |
 4 | 3 | 2 |
 2 |
 4 | 3 | 2 |
 4 | 3 | 2 |
 2 |
 4 |   | 2 |
 4 | 3 | 2 |
 4 |   | 2 |
 2 |
 4 |   | 2 |
 4 |   | 2 |
 4 | 3 | 2 |
 4 | 3 | 2 |
 4 |   | 2 |
 4 | 3 | 2 |
 4 | 3 | 2 |
 2 |
 4 | 3 | 2 |
 4 |   | 2 |
 4 |   | 2 |
 2 |
 2 |
 2 |
 2 |
 4 | 3 | 2 |
 2 |
 2 |
 4 | 3 | 2 |
 2 |
 4 | 3 | 2 |
 4 | 3 | 2 |
 2 |
 2 |
 2 |
 4 | 3 | 2 |
 4 | 3 | 2 |
 2 |
 4 | 3 | 2 |
 2 |
 4 | 3 | 2 |
 4 | 3 | 2 |
 2 |
 4 | 3 | 2 |
 2 |
 4 | 3 | 2 |
 2 |
 2 |
 2 |
 4 | 3 | 2 |
 2 |
 4 | 3 | 2 |
 4 | 3 | 2 |
 2 |
 2 |
 4 | 3 | 2 |
 2 |
 2 |
 2 |
 2 |
 4 | 3 | 2 |
 2 |
 4 | 3 | 2 |
 4 | 3 | 2 |
 2 |
 4 | 3 | 2 |
 4 | 3 | 2 |
 4 | 3 | 2 |
 4 | 3 | 2 |
 2 |
 4 | 3 | 2 |
 2 |
 4 |   | 2 |
 4 | 3 | 2 |
 4 | 3 | 2 |
 2 |
 4 | 3 | 2 |
 4 | 3 | 2 |
 4 | 3 | 2 |
 2 |
 2 |
 2 |
 4 | 3 |   | 2 |
 4 | 3 |   | 2 |
 2 |
 2 |
 4 | 3 | 2 |
 2 |
 2 |
 2 |
 4 | 3 | 2 |
 4 | 3 | 2 |
 4 | 3 | 2 |
 2 |
 2 |
 2 |
 4 |   | 2 |
 2 |
 4 |   | 2 |
 4 | 3 | 2 |
 4 | 3 | 2 |
 4 | 3 | 2 |
 4 | 3 | 2 |
 4 | 3 | 2 |
 2 |
 4 | 3 | 2 |
 2 |
 4 | 3 | 2 |
 4 | 3 | 2 |
 4 |   | 2 |
 2 |
 2 |
 2 |
 2 |
 4 | 3 |   | 2 |
 4 | 3 |   | 2 |
 4 | 3 | 2 |
 2 |
 2 |
 2 |
 4 | 3 | 2 |
 2 |
 4 | 3 | 2 |
 4 | 2 |
 2 |
 4 | 3 | 2 |
 4 | 3 | 2 |
 2 |
 2 |
 4 | 3 | 2 |
 4 | 2 |
 2 |
 4 | 3 | 2 |
 4 | 3 | 2 |
 2 |
 2 |
 4 | 3 | 2 |
 2 |
 2 |
 4 | 3 | 2 |
 4 | 3 | 2 |
 4 | 3 | 2 |
 4 | 3 | 2 |
 2 |
 4 | 3 | 2 |
 4 | 3 | 2 |
 4 | 2 |
 2 |
 2 |
 4 | 3 | 2 |
 4 | 3 | 2 |
 2 |
 4 | 3 | 2 |
 4 | 3 | 2 |
 4 | 3 | 2 |
 4 | 3 | 2 |
 4 | 3 | 2 |
 4 | 3 | 2 |
 4 |   | 2 |
 4 |   | 2 |
 4 | 3 | 2 |
 2 |
 4 | 3 | 2 |
 4 | 3 | 2 |
 2 |
 2 |
 2 |
 2 |
 2 |
 2 |
 4 | 3 | 2 |
 4 | 3 | 2 |
 2 |
 2 |
 2 |
 4 | 3 | 2 |
 4 | 3 | 2 |
 4 | 3 | 2 |
 4 | 3 | 2 |
 4 |   | 2 |
 4 | 3 | 2 |
 4 | 3 | 2 |
 4 | 3 | 2 |
 2 |
 2 |
 4 | 3 | 2 |
 4 | 3 | 2 |
 4 |   | 2 |
 4 | 3 | 2 |
 4 | 3 | 2 |
 2 |
 2 |
 4 | 3 | 2 |
 2 |
 2 |
 2 |
 2 |
 4 | 3 | 2 |
 2 |
 2 |
 4 | 3 | 2 |
 4 | 3 | 2 |
 2 |
 2 |
 4 | 3 | 2 |
 4 | 3 | 2 |
 4 | 3 |   | 2 |
 4 | 3 | 2 |
 2 |
 2 |
 2 |
 4 | 3 | 2 |
 4 | 3 | 2 |
 4 | 3 | 2 |
 4 | 3 | 2 |
 4 | 3 | 2 |
 4 | 3 | 2 |
 4 | 3 | 2 |
 4 | 3 |   | 2 |
 4 | 3 | 2 |
 4 | 3 | 2 |
 2 |
 4 | 3 | 2 |
 2 |
 4 | 3 | 2 |
 2 |
 2 |
 4 |   | 2 |
 2 |
 4 | 3 | 2 |
 2 |
 4 | 3 | 2 |
 4 |   | 2 |
 4 | 3 | 2 |
 4 | 3 | 2 |
 4 |   | 3 | 2 |
 2 |
 4 |   | 2 |
 2 |
 2 |
 2 |
 2 |
 2 |
 2 |
 2 |
 2 |
 2 |
 2 |
 4 | 3 | 2 |
 4 | 3 | 2 |
 2 |
 4 | 3 | 2 |
 2 |
 4 | 3 | 2 |
 4 | 3 | 2 |
 2 |
 2 |
 2 |
 4 | 3 | 2 |
 4 | 3 | 2 |
 4 | 3 | 2 |
 4 | 3 | 2 |
 4 | 3 | 2 |
 2 |
 4 |   | 2 |
 2 |
 0 |
 2 |
 0 |
 2 |
 2 |
 2 |
 2 |
 2 |
 2 |
 2 |
 0 |
 0 |
 2 |
 2 |
 0 |
 2 |
 2 |
 2 |
 2 |
 2 |
 4 | 3 | 2 |
 0 |
 2 |
 2 |
 2 |
 2 |
 2 |
 2 |
 2 |
 2 |
 2 |
 2 |
 2 |
 2 |
 2 |
 2 |
 2 |
 0 |
 2 |
 0 |
 2 |
 2 |
 2 |
 2 |
 0 |
 2 |
 2 |
 2 |
 0 |
 2 |
 2 |
 2 |
 2 |
 2 |
 2 |
 4 | 3 | 2 |
 2 |
 4 | 3 | 2 |
 4 | 3 | 2 |
 2 |
 4 | 3 | 2 |
 4 | 3 | 2 |
 2 |
 2 |
 2 |
 2 |
 2 |
 2 |
 4 | 3 | 2 |
 2 |
 4 | 3 | 2 |
 2 |
 2 |
 2 |
 4 | 3 | 2 |
 2 |
 2 |
 4 | 3 | 2 |
 2 |
 4 | 3 | 2 |
 4 | 3 | 2 |
 2 |
 2 |
 2 |
 2 |
 2 |
 2 |
 4 | 3 | 2 |
 2 |
 2 |
 4 | 3 | 2 |
 2 |
 2 |
 2 |
 4 | 3 | 2 |
 4 | 3 | 2 |
 2 |
 0 |
 0 |
 2 |
 4 | 3 | 2 |
 4 | 3 | 2 |
 2 |
 4 |   | 2 |
 4 | 3 | 2 |
 2 |
 4 | 3 | 2 |
 4 |   | 2 |
 0 |
