
Graph 1:

2 3 4 
1 3 4 
1 2 5 
1 2 5 
3 4 6 
5 7 8 
6 9 10 
6 9 10 
7 8 10 
7 8 9 

Graph 2:

2 3 4 
1 3 4 
1 2 5 
1 2 6 
3 6 7 
4 5 8 
5 9 10 
6 9 10 
7 8 10 
7 8 9 

Graph 3:

2 3 4 
1 3 4 
1 2 5 
1 2 6 
3 7 8 
4 7 9 
5 6 10 
5 9 10 
6 8 10 
7 8 9 

Graph 4:

2 3 4 
1 3 4 
1 2 5 
1 2 6 
3 7 8 
4 9 10 
5 8 9 
5 7 10 
6 7 10 
6 8 9 

Graph 5:

2 3 4 
1 3 4 
1 2 5 
1 2 6 
3 7 8 
4 9 10 
5 9 10 
5 9 10 
6 7 8 
6 7 8 

Graph 6:

2 3 4 
1 3 5 
1 2 6 
1 5 7 
2 4 8 
3 7 9 
4 6 10 
5 9 10 
6 8 10 
7 8 9 

Graph 7:

2 3 4 
1 3 5 
1 2 6 
1 5 7 
2 4 8 
3 9 10 
4 8 9 
5 7 10 
6 7 10 
6 8 9 

Graph 8:

2 3 4 
1 3 5 
1 2 6 
1 5 7 
2 4 8 
3 9 10 
4 9 10 
5 9 10 
6 7 8 
6 7 8 

Graph 9:

2 3 4 
1 3 5 
1 2 6 
1 7 8 
2 7 8 
3 9 10 
4 5 9 
4 5 10 
6 7 10 
6 8 9 

Graph 10:

2 3 4 
1 3 5 
1 2 6 
1 7 8 
2 7 9 
3 7 10 
4 5 6 
4 9 10 
5 8 10 
6 8 9 

Graph 11:

2 3 4 
1 3 5 
1 2 6 
1 7 8 
2 7 9 
3 8 9 
4 5 10 
4 6 10 
5 6 10 
7 8 9 

Graph 12:

2 3 4 
1 3 5 
1 2 6 
1 7 8 
2 7 9 
3 8 10 
4 5 9 
4 6 10 
5 7 10 
6 8 9 

Graph 13:

2 3 4 
1 3 5 
1 2 6 
1 7 8 
2 7 9 
3 8 10 
4 5 10 
4 6 9 
5 8 10 
6 7 9 

Graph 14:

2 3 4 
1 5 6 
1 5 6 
1 7 8 
2 3 9 
2 3 10 
4 9 10 
4 9 10 
5 7 8 
6 7 8 

Graph 15:

2 3 4 
1 5 6 
1 5 7 
1 6 8 
2 3 9 
2 4 10 
3 8 9 
4 7 10 
5 7 10 
6 8 9 

Graph 16:

2 3 4 
1 5 6 
1 5 7 
1 6 8 
2 3 9 
2 4 10 
3 8 10 
4 7 9 
5 8 10 
6 7 9 

Graph 17:

2 3 4 
1 5 6 
1 5 7 
1 6 8 
2 3 9 
2 4 10 
3 9 10 
4 9 10 
5 7 8 
6 7 8 

Graph 18:

2 3 4 
1 5 6 
1 5 7 
1 8 9 
2 3 8 
2 9 10 
3 9 10 
4 5 10 
4 6 7 
6 7 8 

Graph 19:

2 3 4 
1 5 6 
1 7 8 
1 9 10 
2 7 9 
2 8 10 
3 5 10 
3 6 9 
4 5 8 
4 6 7 
