
Graph 1:

2 3 4 
1 3 4 
1 2 5 
1 2 5 
3 4 6 
5 7 8 
6 8 9 
6 7 10 
7 11 12 
8 11 12 
9 10 12 
9 10 11 

Graph 2:

2 3 4 
1 3 4 
1 2 5 
1 2 5 
3 4 6 
5 7 8 
6 9 10 
6 9 11 
7 8 12 
7 11 12 
8 10 12 
9 10 11 

Graph 3:

2 3 4 
1 3 4 
1 2 5 
1 2 5 
3 4 6 
5 7 8 
6 9 10 
6 11 12 
7 10 11 
7 9 12 
8 9 12 
8 10 11 

Graph 4:

2 3 4 
1 3 4 
1 2 5 
1 2 5 
3 4 6 
5 7 8 
6 9 10 
6 11 12 
7 11 12 
7 11 12 
8 9 10 
8 9 10 

Graph 5:

2 3 4 
1 3 4 
1 2 5 
1 2 6 
3 6 7 
4 5 8 
5 8 9 
6 7 10 
7 11 12 
8 11 12 
9 10 12 
9 10 11 

Graph 6:

2 3 4 
1 3 4 
1 2 5 
1 2 6 
3 6 7 
4 5 8 
5 9 10 
6 9 11 
7 8 12 
7 11 12 
8 10 12 
9 10 11 

Graph 7:

2 3 4 
1 3 4 
1 2 5 
1 2 6 
3 6 7 
4 5 8 
5 9 10 
6 11 12 
7 10 11 
7 9 12 
8 9 12 
8 10 11 

Graph 8:

2 3 4 
1 3 4 
1 2 5 
1 2 6 
3 6 7 
4 5 8 
5 9 10 
6 11 12 
7 11 12 
7 11 12 
8 9 10 
8 9 10 

Graph 9:

2 3 4 
1 3 4 
1 2 5 
1 2 6 
3 7 8 
4 7 8 
5 6 9 
5 6 10 
7 11 12 
8 11 12 
9 10 12 
9 10 11 

Graph 10:

2 3 4 
1 3 4 
1 2 5 
1 2 6 
3 7 8 
4 7 9 
5 6 8 
5 7 10 
6 11 12 
8 11 12 
9 10 12 
9 10 11 

Graph 11:

2 3 4 
1 3 4 
1 2 5 
1 2 6 
3 7 8 
4 7 9 
5 6 10 
5 9 11 
6 8 12 
7 11 12 
8 10 12 
9 10 11 

Graph 12:

2 3 4 
1 3 4 
1 2 5 
1 2 6 
3 7 8 
4 7 9 
5 6 10 
5 10 11 
6 11 12 
7 8 12 
8 9 12 
9 10 11 

Graph 13:

2 3 4 
1 3 4 
1 2 5 
1 2 6 
3 7 8 
4 7 9 
5 6 10 
5 11 12 
6 11 12 
7 11 12 
8 9 10 
8 9 10 

Graph 14:

2 3 4 
1 3 4 
1 2 5 
1 2 6 
3 7 8 
4 9 10 
5 8 9 
5 7 11 
6 7 12 
6 11 12 
8 10 12 
9 10 11 

Graph 15:

2 3 4 
1 3 4 
1 2 5 
1 2 6 
3 7 8 
4 9 10 
5 8 11 
5 7 11 
6 10 12 
6 9 12 
7 8 12 
9 10 11 

Graph 16:

2 3 4 
1 3 4 
1 2 5 
1 2 6 
3 7 8 
4 9 10 
5 8 11 
5 7 12 
6 10 11 
6 9 12 
7 9 12 
8 10 11 

Graph 17:

2 3 4 
1 3 4 
1 2 5 
1 2 6 
3 7 8 
4 9 10 
5 8 11 
5 7 12 
6 11 12 
6 11 12 
7 9 10 
8 9 10 

Graph 18:

2 3 4 
1 3 4 
1 2 5 
1 2 6 
3 7 8 
4 9 10 
5 9 10 
5 11 12 
6 7 11 
6 7 12 
8 9 12 
8 10 11 

Graph 19:

2 3 4 
1 3 4 
1 2 5 
1 2 6 
3 7 8 
4 9 10 
5 9 11 
5 10 11 
6 7 12 
6 8 12 
7 8 12 
9 10 11 

Graph 20:

2 3 4 
1 3 4 
1 2 5 
1 2 6 
3 7 8 
4 9 10 
5 9 11 
5 10 12 
6 7 11 
6 8 12 
7 9 12 
8 10 11 

Graph 21:

2 3 4 
1 3 4 
1 2 5 
1 2 6 
3 7 8 
4 9 10 
5 9 11 
5 10 12 
6 7 12 
6 8 11 
7 10 12 
8 9 11 

Graph 22:

2 3 4 
1 3 4 
1 2 5 
1 2 6 
3 7 8 
4 9 10 
5 9 11 
5 11 12 
6 7 12 
6 11 12 
7 8 10 
8 9 10 

Graph 23:

2 3 4 
1 3 5 
1 2 6 
1 5 6 
2 4 7 
3 4 8 
5 9 10 
6 9 11 
7 8 12 
7 11 12 
8 10 12 
9 10 11 

Graph 24:

2 3 4 
1 3 5 
1 2 6 
1 5 6 
2 4 7 
3 4 8 
5 9 10 
6 11 12 
7 10 11 
7 9 12 
8 9 12 
8 10 11 

Graph 25:

2 3 4 
1 3 5 
1 2 6 
1 5 6 
2 4 7 
3 4 8 
5 9 10 
6 11 12 
7 11 12 
7 11 12 
8 9 10 
8 9 10 

Graph 26:

2 3 4 
1 3 5 
1 2 6 
1 5 7 
2 4 7 
3 8 9 
4 5 10 
6 9 11 
6 8 12 
7 11 12 
8 10 12 
9 10 11 

Graph 27:

2 3 4 
1 3 5 
1 2 6 
1 5 7 
2 4 7 
3 8 9 
4 5 10 
6 11 12 
6 11 12 
7 11 12 
8 9 10 
8 9 10 

Graph 28:

2 3 4 
1 3 5 
1 2 6 
1 5 7 
2 4 8 
3 7 9 
4 6 10 
5 9 11 
6 8 12 
7 11 12 
8 10 12 
9 10 11 

Graph 29:

2 3 4 
1 3 5 
1 2 6 
1 5 7 
2 4 8 
3 7 9 
4 6 10 
5 10 11 
6 11 12 
7 8 12 
8 9 12 
9 10 11 

Graph 30:

2 3 4 
1 3 5 
1 2 6 
1 5 7 
2 4 8 
3 7 9 
4 6 10 
5 11 12 
6 10 11 
7 9 12 
8 9 12 
8 10 11 

Graph 31:

2 3 4 
1 3 5 
1 2 6 
1 5 7 
2 4 8 
3 7 9 
4 6 10 
5 11 12 
6 11 12 
7 11 12 
8 9 10 
8 9 10 

Graph 32:

2 3 4 
1 3 5 
1 2 6 
1 5 7 
2 4 8 
3 9 10 
4 8 11 
5 7 12 
6 10 11 
6 9 12 
7 9 12 
8 10 11 

Graph 33:

2 3 4 
1 3 5 
1 2 6 
1 5 7 
2 4 8 
3 9 10 
4 8 11 
5 7 12 
6 11 12 
6 11 12 
7 9 10 
8 9 10 

Graph 34:

2 3 4 
1 3 5 
1 2 6 
1 5 7 
2 4 8 
3 9 10 
4 9 10 
5 11 12 
6 7 11 
6 7 12 
8 9 12 
8 10 11 

Graph 35:

2 3 4 
1 3 5 
1 2 6 
1 5 7 
2 4 8 
3 9 10 
4 9 11 
5 9 12 
6 7 8 
6 11 12 
7 10 12 
8 10 11 

Graph 36:

2 3 4 
1 3 5 
1 2 6 
1 5 7 
2 4 8 
3 9 10 
4 9 11 
5 10 11 
6 7 12 
6 8 12 
7 8 12 
9 10 11 

Graph 37:

2 3 4 
1 3 5 
1 2 6 
1 5 7 
2 4 8 
3 9 10 
4 9 11 
5 10 12 
6 7 11 
6 8 12 
7 9 12 
8 10 11 

Graph 38:

2 3 4 
1 3 5 
1 2 6 
1 5 7 
2 4 8 
3 9 10 
4 9 11 
5 10 12 
6 7 12 
6 8 11 
7 10 12 
8 9 11 

Graph 39:

2 3 4 
1 3 5 
1 2 6 
1 5 7 
2 4 8 
3 9 10 
4 9 11 
5 11 12 
6 7 10 
6 9 12 
7 8 12 
8 10 11 

Graph 40:

2 3 4 
1 3 5 
1 2 6 
1 5 7 
2 4 8 
3 9 10 
4 9 11 
5 11 12 
6 7 12 
6 11 12 
7 8 10 
8 9 10 

Graph 41:

2 3 4 
1 3 5 
1 2 6 
1 5 7 
2 4 8 
3 9 10 
4 11 12 
5 11 12 
6 10 11 
6 9 12 
7 8 9 
7 8 10 

Graph 42:

2 3 4 
1 3 5 
1 2 6 
1 7 8 
2 7 8 
3 9 10 
4 5 11 
4 5 12 
6 11 12 
6 11 12 
7 9 10 
8 9 10 

Graph 43:

2 3 4 
1 3 5 
1 2 6 
1 7 8 
2 7 9 
3 7 10 
4 5 6 
4 11 12 
5 11 12 
6 11 12 
8 9 10 
8 9 10 

Graph 44:

2 3 4 
1 3 5 
1 2 6 
1 7 8 
2 7 9 
3 8 9 
4 5 10 
4 6 11 
5 6 12 
7 11 12 
8 10 12 
9 10 11 

Graph 45:

2 3 4 
1 3 5 
1 2 6 
1 7 8 
2 7 9 
3 8 10 
4 5 10 
4 6 11 
5 11 12 
6 7 12 
8 9 12 
9 10 11 

Graph 46:

2 3 4 
1 3 5 
1 2 6 
1 7 8 
2 7 9 
3 8 10 
4 5 11 
4 6 11 
5 10 12 
6 9 12 
7 8 12 
9 10 11 

Graph 47:

2 3 4 
1 3 5 
1 2 6 
1 7 8 
2 7 9 
3 8 10 
4 5 11 
4 6 12 
5 10 11 
6 9 12 
7 9 12 
8 10 11 

Graph 48:

2 3 4 
1 3 5 
1 2 6 
1 7 8 
2 7 9 
3 8 10 
4 5 11 
4 6 12 
5 10 12 
6 9 11 
7 10 12 
8 9 11 

Graph 49:

2 3 4 
1 3 5 
1 2 6 
1 7 8 
2 7 9 
3 8 10 
4 5 11 
4 6 12 
5 11 12 
6 11 12 
7 9 10 
8 9 10 

Graph 50:

2 3 4 
1 3 5 
1 2 6 
1 7 8 
2 7 9 
3 10 11 
4 5 8 
4 7 12 
5 10 11 
6 9 12 
6 9 12 
8 10 11 

Graph 51:

2 3 4 
1 3 5 
1 2 6 
1 7 8 
2 7 9 
3 10 11 
4 5 10 
4 9 11 
5 8 12 
6 7 12 
6 8 12 
9 10 11 

Graph 52:

2 3 4 
1 3 5 
1 2 6 
1 7 8 
2 7 9 
3 10 11 
4 5 10 
4 9 12 
5 8 12 
6 7 11 
6 10 12 
8 9 11 

Graph 53:

2 3 4 
1 3 5 
1 2 6 
1 7 8 
2 7 9 
3 10 11 
4 5 10 
4 10 12 
5 11 12 
6 7 8 
6 9 12 
8 9 11 

Graph 54:

2 3 4 
1 3 5 
1 2 6 
1 7 8 
2 7 9 
3 10 11 
4 5 10 
4 11 12 
5 11 12 
6 7 12 
6 8 9 
8 9 10 

Graph 55:

2 3 4 
1 3 5 
1 2 6 
1 7 8 
2 7 9 
3 10 11 
4 5 12 
4 9 10 
5 8 11 
6 8 12 
6 9 12 
7 10 11 

Graph 56:

2 3 4 
1 3 5 
1 2 6 
1 7 8 
2 7 9 
3 10 11 
4 5 12 
4 9 10 
5 8 12 
6 8 11 
6 10 12 
7 9 11 

Graph 57:

2 3 4 
1 3 5 
1 2 6 
1 7 8 
2 7 9 
3 10 11 
4 5 12 
4 10 11 
5 10 12 
6 8 9 
6 8 12 
7 9 11 

Graph 58:

2 3 4 
1 3 5 
1 2 6 
1 7 8 
2 7 9 
3 10 11 
4 5 12 
4 10 12 
5 11 12 
6 8 11 
6 9 10 
7 8 9 

Graph 59:

2 3 4 
1 3 5 
1 2 6 
1 7 8 
2 9 10 
3 11 12 
4 8 9 
4 7 11 
5 7 10 
5 9 12 
6 8 12 
6 10 11 

Graph 60:

2 3 4 
1 3 5 
1 2 6 
1 7 8 
2 9 10 
3 11 12 
4 8 9 
4 7 11 
5 7 12 
5 11 12 
6 8 10 
6 9 10 

Graph 61:

2 3 4 
1 3 5 
1 2 6 
1 7 8 
2 9 10 
3 11 12 
4 9 10 
4 11 12 
5 7 11 
5 7 12 
6 8 9 
6 8 10 

Graph 62:

2 3 4 
1 3 5 
1 2 6 
1 7 8 
2 9 10 
3 11 12 
4 9 11 
4 10 12 
5 7 11 
5 8 12 
6 7 9 
6 8 10 

Graph 63:

2 3 4 
1 3 5 
1 2 6 
1 7 8 
2 9 10 
3 11 12 
4 9 11 
4 10 12 
5 7 12 
5 8 11 
6 7 10 
6 8 9 

Graph 64:

2 3 4 
1 5 6 
1 5 6 
1 5 7 
2 3 4 
2 3 8 
4 9 10 
6 11 12 
7 11 12 
7 11 12 
8 9 10 
8 9 10 

Graph 65:

2 3 4 
1 5 6 
1 5 6 
1 7 8 
2 3 7 
2 3 9 
4 5 10 
4 11 12 
6 11 12 
7 11 12 
8 9 10 
8 9 10 

Graph 66:

2 3 4 
1 5 6 
1 5 6 
1 7 8 
2 3 9 
2 3 10 
4 9 11 
4 10 11 
5 7 12 
6 8 12 
7 8 12 
9 10 11 

Graph 67:

2 3 4 
1 5 6 
1 5 6 
1 7 8 
2 3 9 
2 3 10 
4 9 11 
4 10 12 
5 7 12 
6 8 11 
7 10 12 
8 9 11 

Graph 68:

2 3 4 
1 5 6 
1 5 7 
1 6 8 
2 3 9 
2 4 10 
3 8 11 
4 7 12 
5 10 11 
6 9 12 
7 9 12 
8 10 11 

Graph 69:

2 3 4 
1 5 6 
1 5 7 
1 6 8 
2 3 9 
2 4 10 
3 8 11 
4 7 12 
5 10 12 
6 9 11 
7 10 12 
8 9 11 

Graph 70:

2 3 4 
1 5 6 
1 5 7 
1 6 8 
2 3 9 
2 4 10 
3 8 11 
4 7 12 
5 11 12 
6 11 12 
7 9 10 
8 9 10 

Graph 71:

2 3 4 
1 5 6 
1 5 7 
1 6 8 
2 3 9 
2 4 10 
3 9 11 
4 10 11 
5 7 12 
6 8 12 
7 8 12 
9 10 11 

Graph 72:

2 3 4 
1 5 6 
1 5 7 
1 6 8 
2 3 9 
2 4 10 
3 9 11 
4 10 12 
5 7 12 
6 8 11 
7 10 12 
8 9 11 

Graph 73:

2 3 4 
1 5 6 
1 5 7 
1 6 8 
2 3 9 
2 4 10 
3 9 11 
4 11 12 
5 7 12 
6 11 12 
7 8 10 
8 9 10 

Graph 74:

2 3 4 
1 5 6 
1 5 7 
1 6 8 
2 3 9 
2 4 10 
3 10 11 
4 9 11 
5 8 12 
6 7 12 
7 8 12 
9 10 11 

Graph 75:

2 3 4 
1 5 6 
1 5 7 
1 6 8 
2 3 9 
2 4 10 
3 10 11 
4 11 12 
5 11 12 
6 7 12 
7 8 9 
8 9 10 

Graph 76:

2 3 4 
1 5 6 
1 5 7 
1 8 9 
2 3 8 
2 7 10 
3 6 11 
4 5 12 
4 10 11 
6 9 12 
7 9 12 
8 10 11 

Graph 77:

2 3 4 
1 5 6 
1 5 7 
1 8 9 
2 3 8 
2 9 10 
3 10 11 
4 5 12 
4 6 11 
6 7 12 
7 9 12 
8 10 11 

Graph 78:

2 3 4 
1 5 6 
1 5 7 
1 8 9 
2 3 8 
2 10 11 
3 10 11 
4 5 12 
4 10 12 
6 7 9 
6 7 12 
8 9 11 

Graph 79:

2 3 4 
1 5 6 
1 5 7 
1 8 9 
2 3 10 
2 8 11 
3 8 12 
4 6 7 
4 10 11 
5 9 12 
6 9 12 
7 10 11 

Graph 80:

2 3 4 
1 5 6 
1 5 7 
1 8 9 
2 3 10 
2 8 11 
3 8 12 
4 6 7 
4 11 12 
5 11 12 
6 9 10 
7 9 10 

Graph 81:

2 3 4 
1 5 6 
1 5 7 
1 8 9 
2 3 10 
2 8 11 
3 9 12 
4 6 12 
4 7 11 
5 11 12 
6 9 10 
7 8 10 

Graph 82:

2 3 4 
1 5 6 
1 5 7 
1 8 9 
2 3 10 
2 8 11 
3 11 12 
4 6 12 
4 10 11 
5 9 12 
6 7 9 
7 8 10 

Graph 83:

2 3 4 
1 5 6 
1 5 7 
1 8 9 
2 3 10 
2 11 12 
3 11 12 
4 10 11 
4 10 12 
5 8 9 
6 7 8 
6 7 9 

Graph 84:

2 3 4 
1 5 6 
1 7 8 
1 9 10 
2 7 9 
2 8 10 
3 5 11 
3 6 12 
4 5 12 
4 6 11 
7 10 12 
8 9 11 

Graph 85:

2 3 4 
1 5 6 
1 7 8 
1 9 10 
2 7 9 
2 8 11 
3 5 12 
3 6 10 
4 5 11 
4 8 12 
6 9 12 
7 10 11 
