
Graph 1:

2 3 4 
1 3 4 
1 2 5 
1 2 5 
3 4 6 
5 7 8 
6 8 9 
6 7 9 
7 8 10 
9 11 12 
10 13 14 
10 13 14 
11 12 14 
11 12 13 

Graph 2:

2 3 4 
1 3 4 
1 2 5 
1 2 5 
3 4 6 
5 7 8 
6 8 9 
6 7 10 
7 10 11 
8 9 12 
9 13 14 
10 13 14 
11 12 14 
11 12 13 

Graph 3:

2 3 4 
1 3 4 
1 2 5 
1 2 5 
3 4 6 
5 7 8 
6 8 9 
6 7 10 
7 11 12 
8 11 13 
9 10 14 
9 13 14 
10 12 14 
11 12 13 

Graph 4:

2 3 4 
1 3 4 
1 2 5 
1 2 5 
3 4 6 
5 7 8 
6 8 9 
6 7 10 
7 11 12 
8 13 14 
9 12 13 
9 11 14 
10 11 14 
10 12 13 

Graph 5:

2 3 4 
1 3 4 
1 2 5 
1 2 5 
3 4 6 
5 7 8 
6 8 9 
6 7 10 
7 11 12 
8 13 14 
9 13 14 
9 13 14 
10 11 12 
10 11 12 

Graph 6:

2 3 4 
1 3 4 
1 2 5 
1 2 5 
3 4 6 
5 7 8 
6 9 10 
6 9 10 
7 8 11 
7 8 12 
9 13 14 
10 13 14 
11 12 14 
11 12 13 

Graph 7:

2 3 4 
1 3 4 
1 2 5 
1 2 5 
3 4 6 
5 7 8 
6 9 10 
6 9 11 
7 8 10 
7 9 12 
8 13 14 
10 13 14 
11 12 14 
11 12 13 

Graph 8:

2 3 4 
1 3 4 
1 2 5 
1 2 5 
3 4 6 
5 7 8 
6 9 10 
6 9 11 
7 8 12 
7 11 13 
8 10 14 
9 13 14 
10 12 14 
11 12 13 

Graph 9:

2 3 4 
1 3 4 
1 2 5 
1 2 5 
3 4 6 
5 7 8 
6 9 10 
6 9 11 
7 8 12 
7 12 13 
8 13 14 
9 10 14 
10 11 14 
11 12 13 

Graph 10:

2 3 4 
1 3 4 
1 2 5 
1 2 5 
3 4 6 
5 7 8 
6 9 10 
6 9 11 
7 8 12 
7 13 14 
8 13 14 
9 13 14 
10 11 12 
10 11 12 

Graph 11:

2 3 4 
1 3 4 
1 2 5 
1 2 5 
3 4 6 
5 7 8 
6 9 10 
6 11 12 
7 10 11 
7 9 13 
8 9 14 
8 13 14 
10 12 14 
11 12 13 

Graph 12:

2 3 4 
1 3 4 
1 2 5 
1 2 5 
3 4 6 
5 7 8 
6 9 10 
6 11 12 
7 10 13 
7 9 13 
8 12 14 
8 11 14 
9 10 14 
11 12 13 

Graph 13:

2 3 4 
1 3 4 
1 2 5 
1 2 5 
3 4 6 
5 7 8 
6 9 10 
6 11 12 
7 10 13 
7 9 14 
8 12 13 
8 11 14 
9 11 14 
10 12 13 

Graph 14:

2 3 4 
1 3 4 
1 2 5 
1 2 5 
3 4 6 
5 7 8 
6 9 10 
6 11 12 
7 10 13 
7 9 14 
8 13 14 
8 13 14 
9 11 12 
10 11 12 

Graph 15:

2 3 4 
1 3 4 
1 2 5 
1 2 5 
3 4 6 
5 7 8 
6 9 10 
6 11 12 
7 11 12 
7 13 14 
8 9 13 
8 9 14 
10 11 14 
10 12 13 

Graph 16:

2 3 4 
1 3 4 
1 2 5 
1 2 5 
3 4 6 
5 7 8 
6 9 10 
6 11 12 
7 11 13 
7 12 13 
8 9 14 
8 10 14 
9 10 14 
11 12 13 

Graph 17:

2 3 4 
1 3 4 
1 2 5 
1 2 5 
3 4 6 
5 7 8 
6 9 10 
6 11 12 
7 11 13 
7 12 14 
8 9 13 
8 10 14 
9 11 14 
10 12 13 

Graph 18:

2 3 4 
1 3 4 
1 2 5 
1 2 5 
3 4 6 
5 7 8 
6 9 10 
6 11 12 
7 11 13 
7 12 14 
8 9 14 
8 10 13 
9 12 14 
10 11 13 

Graph 19:

2 3 4 
1 3 4 
1 2 5 
1 2 5 
3 4 6 
5 7 8 
6 9 10 
6 11 12 
7 11 13 
7 13 14 
8 9 14 
8 13 14 
9 10 12 
10 11 12 

Graph 20:

2 3 4 
1 3 4 
1 2 5 
1 2 6 
3 6 7 
4 5 7 
5 6 8 
7 9 10 
8 10 11 
8 9 12 
9 13 14 
10 13 14 
11 12 14 
11 12 13 

Graph 21:

2 3 4 
1 3 4 
1 2 5 
1 2 6 
3 6 7 
4 5 7 
5 6 8 
7 9 10 
8 11 12 
8 11 13 
9 10 14 
9 13 14 
10 12 14 
11 12 13 

Graph 22:

2 3 4 
1 3 4 
1 2 5 
1 2 6 
3 6 7 
4 5 7 
5 6 8 
7 9 10 
8 11 12 
8 13 14 
9 12 13 
9 11 14 
10 11 14 
10 12 13 

Graph 23:

2 3 4 
1 3 4 
1 2 5 
1 2 6 
3 6 7 
4 5 7 
5 6 8 
7 9 10 
8 11 12 
8 13 14 
9 13 14 
9 13 14 
10 11 12 
10 11 12 

Graph 24:

2 3 4 
1 3 4 
1 2 5 
1 2 6 
3 6 7 
4 5 8 
5 8 9 
6 7 10 
7 10 11 
8 9 12 
9 13 14 
10 13 14 
11 12 14 
11 12 13 

Graph 25:

2 3 4 
1 3 4 
1 2 5 
1 2 6 
3 6 7 
4 5 8 
5 8 9 
6 7 10 
7 11 12 
8 11 13 
9 10 14 
9 13 14 
10 12 14 
11 12 13 

Graph 26:

2 3 4 
1 3 4 
1 2 5 
1 2 6 
3 6 7 
4 5 8 
5 8 9 
6 7 10 
7 11 12 
8 13 14 
9 12 13 
9 11 14 
10 11 14 
10 12 13 

Graph 27:

2 3 4 
1 3 4 
1 2 5 
1 2 6 
3 6 7 
4 5 8 
5 8 9 
6 7 10 
7 11 12 
8 13 14 
9 13 14 
9 13 14 
10 11 12 
10 11 12 

Graph 28:

2 3 4 
1 3 4 
1 2 5 
1 2 6 
3 6 7 
4 5 8 
5 9 10 
6 9 10 
7 8 11 
7 8 12 
9 13 14 
10 13 14 
11 12 14 
11 12 13 

Graph 29:

2 3 4 
1 3 4 
1 2 5 
1 2 6 
3 6 7 
4 5 8 
5 9 10 
6 9 11 
7 8 10 
7 9 12 
8 13 14 
10 13 14 
11 12 14 
11 12 13 

Graph 30:

2 3 4 
1 3 4 
1 2 5 
1 2 6 
3 6 7 
4 5 8 
5 9 10 
6 9 11 
7 8 12 
7 11 13 
8 10 14 
9 13 14 
10 12 14 
11 12 13 

Graph 31:

2 3 4 
1 3 4 
1 2 5 
1 2 6 
3 6 7 
4 5 8 
5 9 10 
6 9 11 
7 8 12 
7 12 13 
8 13 14 
9 10 14 
10 11 14 
11 12 13 

Graph 32:

2 3 4 
1 3 4 
1 2 5 
1 2 6 
3 6 7 
4 5 8 
5 9 10 
6 9 11 
7 8 12 
7 13 14 
8 13 14 
9 13 14 
10 11 12 
10 11 12 

Graph 33:

2 3 4 
1 3 4 
1 2 5 
1 2 6 
3 6 7 
4 5 8 
5 9 10 
6 11 12 
7 10 11 
7 9 13 
8 9 14 
8 13 14 
10 12 14 
11 12 13 

Graph 34:

2 3 4 
1 3 4 
1 2 5 
1 2 6 
3 6 7 
4 5 8 
5 9 10 
6 11 12 
7 10 13 
7 9 13 
8 12 14 
8 11 14 
9 10 14 
11 12 13 

Graph 35:

2 3 4 
1 3 4 
1 2 5 
1 2 6 
3 6 7 
4 5 8 
5 9 10 
6 11 12 
7 10 13 
7 9 14 
8 12 13 
8 11 14 
9 11 14 
10 12 13 

Graph 36:

2 3 4 
1 3 4 
1 2 5 
1 2 6 
3 6 7 
4 5 8 
5 9 10 
6 11 12 
7 10 13 
7 9 14 
8 13 14 
8 13 14 
9 11 12 
10 11 12 

Graph 37:

2 3 4 
1 3 4 
1 2 5 
1 2 6 
3 6 7 
4 5 8 
5 9 10 
6 11 12 
7 11 12 
7 13 14 
8 9 13 
8 9 14 
10 11 14 
10 12 13 

Graph 38:

2 3 4 
1 3 4 
1 2 5 
1 2 6 
3 6 7 
4 5 8 
5 9 10 
6 11 12 
7 11 13 
7 12 13 
8 9 14 
8 10 14 
9 10 14 
11 12 13 

Graph 39:

2 3 4 
1 3 4 
1 2 5 
1 2 6 
3 6 7 
4 5 8 
5 9 10 
6 11 12 
7 11 13 
7 12 14 
8 9 13 
8 10 14 
9 11 14 
10 12 13 

Graph 40:

2 3 4 
1 3 4 
1 2 5 
1 2 6 
3 6 7 
4 5 8 
5 9 10 
6 11 12 
7 11 13 
7 12 14 
8 9 14 
8 10 13 
9 12 14 
10 11 13 

Graph 41:

2 3 4 
1 3 4 
1 2 5 
1 2 6 
3 6 7 
4 5 8 
5 9 10 
6 11 12 
7 11 13 
7 13 14 
8 9 14 
8 13 14 
9 10 12 
10 11 12 

Graph 42:

2 3 4 
1 3 4 
1 2 5 
1 2 6 
3 7 8 
4 7 8 
5 6 9 
5 6 10 
7 11 12 
8 11 13 
9 10 14 
9 13 14 
10 12 14 
11 12 13 

Graph 43:

2 3 4 
1 3 4 
1 2 5 
1 2 6 
3 7 8 
4 7 8 
5 6 9 
5 6 10 
7 11 12 
8 13 14 
9 12 13 
9 11 14 
10 11 14 
10 12 13 

Graph 44:

2 3 4 
1 3 4 
1 2 5 
1 2 6 
3 7 8 
4 7 8 
5 6 9 
5 6 10 
7 11 12 
8 13 14 
9 13 14 
9 13 14 
10 11 12 
10 11 12 

Graph 45:

2 3 4 
1 3 4 
1 2 5 
1 2 6 
3 7 8 
4 7 9 
5 6 8 
5 7 10 
6 11 12 
8 11 13 
9 10 14 
9 13 14 
10 12 14 
11 12 13 

Graph 46:

2 3 4 
1 3 4 
1 2 5 
1 2 6 
3 7 8 
4 7 9 
5 6 8 
5 7 10 
6 11 12 
8 13 14 
9 12 13 
9 11 14 
10 11 14 
10 12 13 

Graph 47:

2 3 4 
1 3 4 
1 2 5 
1 2 6 
3 7 8 
4 7 9 
5 6 8 
5 7 10 
6 11 12 
8 13 14 
9 13 14 
9 13 14 
10 11 12 
10 11 12 

Graph 48:

2 3 4 
1 3 4 
1 2 5 
1 2 6 
3 7 8 
4 7 9 
5 6 10 
5 9 10 
6 8 11 
7 8 12 
9 13 14 
10 13 14 
11 12 14 
11 12 13 

Graph 49:

2 3 4 
1 3 4 
1 2 5 
1 2 6 
3 7 8 
4 7 9 
5 6 10 
5 9 11 
6 8 11 
7 12 13 
8 9 14 
10 13 14 
10 12 14 
11 12 13 

Graph 50:

2 3 4 
1 3 4 
1 2 5 
1 2 6 
3 7 8 
4 7 9 
5 6 10 
5 9 11 
6 8 12 
7 11 13 
8 10 14 
9 13 14 
10 12 14 
11 12 13 

Graph 51:

2 3 4 
1 3 4 
1 2 5 
1 2 6 
3 7 8 
4 7 9 
5 6 10 
5 9 11 
6 8 12 
7 13 14 
8 12 13 
9 11 14 
10 11 14 
10 12 13 

Graph 52:

2 3 4 
1 3 4 
1 2 5 
1 2 6 
3 7 8 
4 7 9 
5 6 10 
5 9 11 
6 8 12 
7 13 14 
8 13 14 
9 13 14 
10 11 12 
10 11 12 

Graph 53:

2 3 4 
1 3 4 
1 2 5 
1 2 6 
3 7 8 
4 7 9 
5 6 10 
5 10 11 
6 10 12 
7 8 9 
8 13 14 
9 13 14 
11 12 14 
11 12 13 

Graph 54:

2 3 4 
1 3 4 
1 2 5 
1 2 6 
3 7 8 
4 7 9 
5 6 10 
5 10 11 
6 11 12 
7 8 13 
8 9 14 
9 13 14 
10 12 14 
11 12 13 

Graph 55:

2 3 4 
1 3 4 
1 2 5 
1 2 6 
3 7 8 
4 7 9 
5 6 10 
5 10 11 
6 12 13 
7 8 11 
8 10 14 
9 13 14 
9 12 14 
11 12 13 

Graph 56:

2 3 4 
1 3 4 
1 2 5 
1 2 6 
3 7 8 
4 7 9 
5 6 10 
5 10 11 
6 12 13 
7 8 12 
8 13 14 
9 10 14 
9 11 14 
11 12 13 

Graph 57:

2 3 4 
1 3 4 
1 2 5 
1 2 6 
3 7 8 
4 7 9 
5 6 10 
5 10 11 
6 12 13 
7 8 14 
8 12 13 
9 11 14 
9 11 14 
10 12 13 

Graph 58:

2 3 4 
1 3 4 
1 2 5 
1 2 6 
3 7 8 
4 7 9 
5 6 10 
5 10 11 
6 12 13 
7 8 14 
8 12 14 
9 11 13 
9 12 14 
10 11 13 

Graph 59:

2 3 4 
1 3 4 
1 2 5 
1 2 6 
3 7 8 
4 7 9 
5 6 10 
5 11 12 
6 11 12 
7 13 14 
8 9 13 
8 9 14 
10 11 14 
10 12 13 

Graph 60:

2 3 4 
1 3 4 
1 2 5 
1 2 6 
3 7 8 
4 7 9 
5 6 10 
5 11 12 
6 11 13 
7 11 14 
8 9 10 
8 13 14 
9 12 14 
10 12 13 

Graph 61:

2 3 4 
1 3 4 
1 2 5 
1 2 6 
3 7 8 
4 7 9 
5 6 10 
5 11 12 
6 11 13 
7 12 13 
8 9 14 
8 10 14 
9 10 14 
11 12 13 

Graph 62:

2 3 4 
1 3 4 
1 2 5 
1 2 6 
3 7 8 
4 7 9 
5 6 10 
5 11 12 
6 11 13 
7 12 14 
8 9 13 
8 10 14 
9 11 14 
10 12 13 

Graph 63:

2 3 4 
1 3 4 
1 2 5 
1 2 6 
3 7 8 
4 7 9 
5 6 10 
5 11 12 
6 11 13 
7 12 14 
8 9 14 
8 10 13 
9 12 14 
10 11 13 

Graph 64:

2 3 4 
1 3 4 
1 2 5 
1 2 6 
3 7 8 
4 7 9 
5 6 10 
5 11 12 
6 13 14 
7 11 12 
8 10 13 
8 10 14 
9 11 14 
9 12 13 

Graph 65:

2 3 4 
1 3 4 
1 2 5 
1 2 6 
3 7 8 
4 7 9 
5 6 10 
5 11 12 
6 13 14 
7 11 13 
8 10 12 
8 11 14 
9 10 14 
9 12 13 

Graph 66:

2 3 4 
1 3 4 
1 2 5 
1 2 6 
3 7 8 
4 7 9 
5 6 10 
5 11 12 
6 13 14 
7 11 13 
8 10 14 
8 13 14 
9 10 12 
9 11 12 

Graph 67:

2 3 4 
1 3 4 
1 2 5 
1 2 6 
3 7 8 
4 9 10 
5 8 9 
5 7 11 
6 7 10 
6 9 12 
8 13 14 
10 13 14 
11 12 14 
11 12 13 

Graph 68:

2 3 4 
1 3 4 
1 2 5 
1 2 6 
3 7 8 
4 9 10 
5 8 9 
5 7 11 
6 7 12 
6 11 13 
8 10 14 
9 13 14 
10 12 14 
11 12 13 

Graph 69:

2 3 4 
1 3 4 
1 2 5 
1 2 6 
3 7 8 
4 9 10 
5 8 9 
5 7 11 
6 7 12 
6 12 13 
8 13 14 
9 10 14 
10 11 14 
11 12 13 

Graph 70:

2 3 4 
1 3 4 
1 2 5 
1 2 6 
3 7 8 
4 9 10 
5 8 9 
5 7 11 
6 7 12 
6 13 14 
8 12 13 
9 11 14 
10 11 14 
10 12 13 

Graph 71:

2 3 4 
1 3 4 
1 2 5 
1 2 6 
3 7 8 
4 9 10 
5 8 9 
5 7 11 
6 7 12 
6 13 14 
8 13 14 
9 13 14 
10 11 12 
10 11 12 

Graph 72:

2 3 4 
1 3 4 
1 2 5 
1 2 6 
3 7 8 
4 9 10 
5 8 11 
5 7 11 
6 10 12 
6 9 13 
7 8 14 
9 13 14 
10 12 14 
11 12 13 

Graph 73:

2 3 4 
1 3 4 
1 2 5 
1 2 6 
3 7 8 
4 9 10 
5 8 11 
5 7 11 
6 12 13 
6 12 13 
7 8 14 
9 10 14 
9 10 14 
11 12 13 

Graph 74:

2 3 4 
1 3 4 
1 2 5 
1 2 6 
3 7 8 
4 9 10 
5 8 11 
5 7 11 
6 12 13 
6 12 14 
7 8 13 
9 10 14 
9 11 14 
10 12 13 

Graph 75:

2 3 4 
1 3 4 
1 2 5 
1 2 6 
3 7 8 
4 9 10 
5 8 11 
5 7 12 
6 10 11 
6 9 13 
7 9 14 
8 13 14 
10 12 14 
11 12 13 

Graph 76:

2 3 4 
1 3 4 
1 2 5 
1 2 6 
3 7 8 
4 9 10 
5 8 11 
5 7 12 
6 10 13 
6 9 14 
7 12 13 
8 11 14 
9 11 14 
10 12 13 

Graph 77:

2 3 4 
1 3 4 
1 2 5 
1 2 6 
3 7 8 
4 9 10 
5 8 11 
5 7 12 
6 10 13 
6 9 14 
7 13 14 
8 13 14 
9 11 12 
10 11 12 

Graph 78:

2 3 4 
1 3 4 
1 2 5 
1 2 6 
3 7 8 
4 9 10 
5 8 11 
5 7 12 
6 11 12 
6 13 14 
7 9 13 
8 9 14 
10 11 14 
10 12 13 

Graph 79:

2 3 4 
1 3 4 
1 2 5 
1 2 6 
3 7 8 
4 9 10 
5 8 11 
5 7 12 
6 11 13 
6 11 14 
7 9 10 
8 13 14 
9 12 14 
10 12 13 

Graph 80:

2 3 4 
1 3 4 
1 2 5 
1 2 6 
3 7 8 
4 9 10 
5 8 11 
5 7 12 
6 11 13 
6 12 13 
7 9 14 
8 10 14 
9 10 14 
11 12 13 

Graph 81:

2 3 4 
1 3 4 
1 2 5 
1 2 6 
3 7 8 
4 9 10 
5 8 11 
5 7 12 
6 11 13 
6 12 14 
7 9 13 
8 10 14 
9 11 14 
10 12 13 

Graph 82:

2 3 4 
1 3 4 
1 2 5 
1 2 6 
3 7 8 
4 9 10 
5 8 11 
5 7 12 
6 11 13 
6 12 14 
7 9 14 
8 10 13 
9 12 14 
10 11 13 

Graph 83:

2 3 4 
1 3 4 
1 2 5 
1 2 6 
3 7 8 
4 9 10 
5 8 11 
5 7 12 
6 11 13 
6 13 14 
7 9 12 
8 11 14 
9 10 14 
10 12 13 

Graph 84:

2 3 4 
1 3 4 
1 2 5 
1 2 6 
3 7 8 
4 9 10 
5 8 11 
5 7 12 
6 11 13 
6 13 14 
7 9 14 
8 13 14 
9 10 12 
10 11 12 

Graph 85:

2 3 4 
1 3 4 
1 2 5 
1 2 6 
3 7 8 
4 9 10 
5 8 11 
5 7 12 
6 13 14 
6 13 14 
7 12 13 
8 11 14 
9 10 11 
9 10 12 

Graph 86:

2 3 4 
1 3 4 
1 2 5 
1 2 6 
3 7 8 
4 9 10 
5 9 10 
5 9 11 
6 7 8 
6 7 12 
8 13 14 
10 13 14 
11 12 14 
11 12 13 

Graph 87:

2 3 4 
1 3 4 
1 2 5 
1 2 6 
3 7 8 
4 9 10 
5 9 10 
5 11 12 
6 7 11 
6 7 13 
8 9 14 
8 13 14 
10 12 14 
11 12 13 

Graph 88:

2 3 4 
1 3 4 
1 2 5 
1 2 6 
3 7 8 
4 9 10 
5 9 10 
5 11 12 
6 7 13 
6 7 13 
8 12 14 
8 11 14 
9 10 14 
11 12 13 

Graph 89:

2 3 4 
1 3 4 
1 2 5 
1 2 6 
3 7 8 
4 9 10 
5 9 10 
5 11 12 
6 7 13 
6 7 14 
8 12 13 
8 11 14 
9 11 14 
10 12 13 

Graph 90:

2 3 4 
1 3 4 
1 2 5 
1 2 6 
3 7 8 
4 9 10 
5 9 10 
5 11 12 
6 7 13 
6 7 14 
8 13 14 
8 13 14 
9 11 12 
10 11 12 

Graph 91:

2 3 4 
1 3 4 
1 2 5 
1 2 6 
3 7 8 
4 9 10 
5 9 11 
5 10 11 
6 7 12 
6 8 13 
7 8 14 
9 13 14 
10 12 14 
11 12 13 

Graph 92:

2 3 4 
1 3 4 
1 2 5 
1 2 6 
3 7 8 
4 9 10 
5 9 11 
5 10 12 
6 7 11 
6 8 13 
7 9 14 
8 13 14 
10 12 14 
11 12 13 

Graph 93:

2 3 4 
1 3 4 
1 2 5 
1 2 6 
3 7 8 
4 9 10 
5 9 11 
5 10 12 
6 7 12 
6 8 13 
7 13 14 
8 9 14 
10 11 14 
11 12 13 

Graph 94:

2 3 4 
1 3 4 
1 2 5 
1 2 6 
3 7 8 
4 9 10 
5 9 11 
5 10 12 
6 7 13 
6 8 14 
7 12 13 
8 11 14 
9 11 14 
10 12 13 

Graph 95:

2 3 4 
1 3 4 
1 2 5 
1 2 6 
3 7 8 
4 9 10 
5 9 11 
5 10 12 
6 7 13 
6 8 14 
7 12 14 
8 11 13 
9 12 14 
10 11 13 

Graph 96:

2 3 4 
1 3 4 
1 2 5 
1 2 6 
3 7 8 
4 9 10 
5 9 11 
5 10 12 
6 7 13 
6 8 14 
7 13 14 
8 13 14 
9 11 12 
10 11 12 

Graph 97:

2 3 4 
1 3 4 
1 2 5 
1 2 6 
3 7 8 
4 9 10 
5 9 11 
5 11 12 
6 7 11 
6 13 14 
7 8 9 
8 13 14 
10 12 14 
10 12 13 

Graph 98:

2 3 4 
1 3 4 
1 2 5 
1 2 6 
3 7 8 
4 9 10 
5 9 11 
5 11 12 
6 7 12 
6 13 14 
7 8 13 
8 9 14 
10 11 14 
10 12 13 

Graph 99:

2 3 4 
1 3 4 
1 2 5 
1 2 6 
3 7 8 
4 9 10 
5 9 11 
5 11 12 
6 7 13 
6 11 14 
7 8 10 
8 13 14 
9 12 14 
10 12 13 

Graph 100:

2 3 4 
1 3 4 
1 2 5 
1 2 6 
3 7 8 
4 9 10 
5 9 11 
5 11 12 
6 7 13 
6 12 13 
7 8 14 
8 10 14 
9 10 14 
11 12 13 

Graph 101:

2 3 4 
1 3 4 
1 2 5 
1 2 6 
3 7 8 
4 9 10 
5 9 11 
5 11 12 
6 7 13 
6 12 14 
7 8 13 
8 10 14 
9 11 14 
10 12 13 

Graph 102:

2 3 4 
1 3 4 
1 2 5 
1 2 6 
3 7 8 
4 9 10 
5 9 11 
5 11 12 
6 7 13 
6 12 14 
7 8 14 
8 10 13 
9 12 14 
10 11 13 

Graph 103:

2 3 4 
1 3 4 
1 2 5 
1 2 6 
3 7 8 
4 9 10 
5 9 11 
5 11 12 
6 7 13 
6 13 14 
7 8 12 
8 11 14 
9 10 14 
10 12 13 

Graph 104:

2 3 4 
1 3 4 
1 2 5 
1 2 6 
3 7 8 
4 9 10 
5 9 11 
5 11 12 
6 7 13 
6 13 14 
7 8 14 
8 13 14 
9 10 12 
10 11 12 

Graph 105:

2 3 4 
1 3 4 
1 2 5 
1 2 6 
3 7 8 
4 9 10 
5 9 11 
5 12 13 
6 7 11 
6 12 13 
7 9 14 
8 10 14 
8 10 14 
11 12 13 

Graph 106:

2 3 4 
1 3 4 
1 2 5 
1 2 6 
3 7 8 
4 9 10 
5 9 11 
5 12 13 
6 7 11 
6 12 14 
7 9 13 
8 10 14 
8 11 14 
10 12 13 

Graph 107:

2 3 4 
1 3 4 
1 2 5 
1 2 6 
3 7 8 
4 9 10 
5 9 11 
5 12 13 
6 7 12 
6 11 13 
7 10 14 
8 9 14 
8 10 14 
11 12 13 

Graph 108:

2 3 4 
1 3 4 
1 2 5 
1 2 6 
3 7 8 
4 9 10 
5 9 11 
5 12 13 
6 7 12 
6 11 14 
7 10 13 
8 9 14 
8 11 14 
10 12 13 

Graph 109:

2 3 4 
1 3 4 
1 2 5 
1 2 6 
3 7 8 
4 9 10 
5 9 11 
5 12 13 
6 7 12 
6 11 14 
7 10 14 
8 9 13 
8 12 14 
10 11 13 

Graph 110:

2 3 4 
1 3 4 
1 2 5 
1 2 6 
3 7 8 
4 9 10 
5 9 11 
5 12 13 
6 7 12 
6 13 14 
7 12 14 
8 9 11 
8 10 14 
10 11 13 

Graph 111:

2 3 4 
1 3 4 
1 2 5 
1 2 6 
3 7 8 
4 9 10 
5 9 11 
5 12 13 
6 7 12 
6 13 14 
7 13 14 
8 9 14 
8 10 11 
10 11 12 

Graph 112:

2 3 4 
1 3 4 
1 2 5 
1 2 6 
3 7 8 
4 9 10 
5 9 11 
5 12 13 
6 7 14 
6 12 13 
7 12 14 
8 10 11 
8 10 14 
9 11 13 

Graph 113:

2 3 4 
1 3 4 
1 2 5 
1 2 6 
3 7 8 
4 9 10 
5 11 12 
5 11 12 
6 11 13 
6 13 14 
7 8 9 
7 8 14 
9 10 14 
10 12 13 

Graph 114:

2 3 4 
1 3 4 
1 2 5 
1 2 6 
3 7 8 
4 9 10 
5 11 12 
5 11 12 
6 13 14 
6 13 14 
7 8 13 
7 8 14 
9 10 11 
9 10 12 

Graph 115:

2 3 4 
1 3 4 
1 2 5 
1 2 6 
3 7 8 
4 9 10 
5 11 12 
5 11 13 
6 11 12 
6 13 14 
7 8 9 
7 9 14 
8 10 14 
10 12 13 

Graph 116:

2 3 4 
1 3 4 
1 2 5 
1 2 6 
3 7 8 
4 9 10 
5 11 12 
5 11 13 
6 11 14 
6 12 13 
7 8 9 
7 10 14 
8 10 14 
9 12 13 

Graph 117:

2 3 4 
1 3 4 
1 2 5 
1 2 6 
3 7 8 
4 9 10 
5 11 12 
5 11 13 
6 11 14 
6 12 14 
7 8 9 
7 10 13 
8 12 14 
9 10 13 

Graph 118:

2 3 4 
1 3 4 
1 2 5 
1 2 6 
3 7 8 
4 9 10 
5 11 12 
5 11 13 
6 12 14 
6 13 14 
7 8 12 
7 9 11 
8 10 14 
9 10 13 

Graph 119:

2 3 4 
1 3 4 
1 2 5 
1 2 6 
3 7 8 
4 9 10 
5 11 12 
5 11 13 
6 12 14 
6 13 14 
7 8 14 
7 9 13 
8 10 12 
9 10 11 

Graph 120:

2 3 4 
1 3 4 
1 2 5 
1 2 6 
3 7 8 
4 9 10 
5 11 12 
5 13 14 
6 11 12 
6 13 14 
7 9 12 
7 9 11 
8 10 14 
8 10 13 

Graph 121:

2 3 4 
1 3 4 
1 2 5 
1 2 6 
3 7 8 
4 9 10 
5 11 12 
5 13 14 
6 11 12 
6 13 14 
7 9 13 
7 9 14 
8 10 11 
8 10 12 

Graph 122:

2 3 4 
1 3 4 
1 2 5 
1 2 6 
3 7 8 
4 9 10 
5 11 12 
5 13 14 
6 11 13 
6 12 14 
7 9 12 
7 10 11 
8 9 14 
8 10 13 

Graph 123:

2 3 4 
1 3 4 
1 2 5 
1 2 6 
3 7 8 
4 9 10 
5 11 12 
5 13 14 
6 11 13 
6 12 14 
7 9 14 
7 10 13 
8 9 12 
8 10 11 

Graph 124:

2 3 4 
1 3 5 
1 2 6 
1 5 6 
2 4 7 
3 4 7 
5 6 8 
7 9 10 
8 11 12 
8 11 13 
9 10 14 
9 13 14 
10 12 14 
11 12 13 

Graph 125:

2 3 4 
1 3 5 
1 2 6 
1 5 6 
2 4 7 
3 4 7 
5 6 8 
7 9 10 
8 11 12 
8 13 14 
9 12 13 
9 11 14 
10 11 14 
10 12 13 

Graph 126:

2 3 4 
1 3 5 
1 2 6 
1 5 6 
2 4 7 
3 4 7 
5 6 8 
7 9 10 
8 11 12 
8 13 14 
9 13 14 
9 13 14 
10 11 12 
10 11 12 

Graph 127:

2 3 4 
1 3 5 
1 2 6 
1 5 6 
2 4 7 
3 4 8 
5 8 9 
6 7 10 
7 11 12 
8 11 13 
9 10 14 
9 13 14 
10 12 14 
11 12 13 

Graph 128:

2 3 4 
1 3 5 
1 2 6 
1 5 6 
2 4 7 
3 4 8 
5 8 9 
6 7 10 
7 11 12 
8 13 14 
9 12 13 
9 11 14 
10 11 14 
10 12 13 

Graph 129:

2 3 4 
1 3 5 
1 2 6 
1 5 6 
2 4 7 
3 4 8 
5 8 9 
6 7 10 
7 11 12 
8 13 14 
9 13 14 
9 13 14 
10 11 12 
10 11 12 

Graph 130:

2 3 4 
1 3 5 
1 2 6 
1 5 6 
2 4 7 
3 4 8 
5 9 10 
6 9 11 
7 8 12 
7 11 13 
8 10 14 
9 13 14 
10 12 14 
11 12 13 

Graph 131:

2 3 4 
1 3 5 
1 2 6 
1 5 6 
2 4 7 
3 4 8 
5 9 10 
6 9 11 
7 8 12 
7 12 13 
8 13 14 
9 10 14 
10 11 14 
11 12 13 

Graph 132:

2 3 4 
1 3 5 
1 2 6 
1 5 6 
2 4 7 
3 4 8 
5 9 10 
6 9 11 
7 8 12 
7 13 14 
8 13 14 
9 13 14 
10 11 12 
10 11 12 

Graph 133:

2 3 4 
1 3 5 
1 2 6 
1 5 6 
2 4 7 
3 4 8 
5 9 10 
6 11 12 
7 10 11 
7 9 13 
8 9 14 
8 13 14 
10 12 14 
11 12 13 

Graph 134:

2 3 4 
1 3 5 
1 2 6 
1 5 6 
2 4 7 
3 4 8 
5 9 10 
6 11 12 
7 10 13 
7 9 14 
8 12 13 
8 11 14 
9 11 14 
10 12 13 

Graph 135:

2 3 4 
1 3 5 
1 2 6 
1 5 6 
2 4 7 
3 4 8 
5 9 10 
6 11 12 
7 10 13 
7 9 14 
8 13 14 
8 13 14 
9 11 12 
10 11 12 

Graph 136:

2 3 4 
1 3 5 
1 2 6 
1 5 6 
2 4 7 
3 4 8 
5 9 10 
6 11 12 
7 11 12 
7 13 14 
8 9 13 
8 9 14 
10 11 14 
10 12 13 

Graph 137:

2 3 4 
1 3 5 
1 2 6 
1 5 6 
2 4 7 
3 4 8 
5 9 10 
6 11 12 
7 11 13 
7 12 13 
8 9 14 
8 10 14 
9 10 14 
11 12 13 

Graph 138:

2 3 4 
1 3 5 
1 2 6 
1 5 6 
2 4 7 
3 4 8 
5 9 10 
6 11 12 
7 11 13 
7 12 14 
8 9 13 
8 10 14 
9 11 14 
10 12 13 

Graph 139:

2 3 4 
1 3 5 
1 2 6 
1 5 6 
2 4 7 
3 4 8 
5 9 10 
6 11 12 
7 11 13 
7 12 14 
8 9 14 
8 10 13 
9 12 14 
10 11 13 

Graph 140:

2 3 4 
1 3 5 
1 2 6 
1 5 6 
2 4 7 
3 4 8 
5 9 10 
6 11 12 
7 11 13 
7 13 14 
8 9 14 
8 13 14 
9 10 12 
10 11 12 

Graph 141:

2 3 4 
1 3 5 
1 2 6 
1 5 7 
2 4 7 
3 7 8 
4 5 6 
6 9 10 
8 11 12 
8 13 14 
9 12 13 
9 11 14 
10 11 14 
10 12 13 

Graph 142:

2 3 4 
1 3 5 
1 2 6 
1 5 7 
2 4 7 
3 7 8 
4 5 6 
6 9 10 
8 11 12 
8 13 14 
9 13 14 
9 13 14 
10 11 12 
10 11 12 

Graph 143:

2 3 4 
1 3 5 
1 2 6 
1 5 7 
2 4 7 
3 8 9 
4 5 8 
6 7 10 
6 11 12 
8 13 14 
9 12 13 
9 11 14 
10 11 14 
10 12 13 

Graph 144:

2 3 4 
1 3 5 
1 2 6 
1 5 7 
2 4 7 
3 8 9 
4 5 8 
6 7 10 
6 11 12 
8 13 14 
9 13 14 
9 13 14 
10 11 12 
10 11 12 

Graph 145:

2 3 4 
1 3 5 
1 2 6 
1 5 7 
2 4 7 
3 8 9 
4 5 10 
6 9 11 
6 8 12 
7 11 13 
8 10 14 
9 13 14 
10 12 14 
11 12 13 

Graph 146:

2 3 4 
1 3 5 
1 2 6 
1 5 7 
2 4 7 
3 8 9 
4 5 10 
6 9 11 
6 8 12 
7 13 14 
8 12 13 
9 11 14 
10 11 14 
10 12 13 

Graph 147:

2 3 4 
1 3 5 
1 2 6 
1 5 7 
2 4 7 
3 8 9 
4 5 10 
6 9 11 
6 8 12 
7 13 14 
8 13 14 
9 13 14 
10 11 12 
10 11 12 

Graph 148:

2 3 4 
1 3 5 
1 2 6 
1 5 7 
2 4 7 
3 8 9 
4 5 10 
6 10 11 
6 11 12 
7 8 13 
8 9 14 
9 13 14 
10 12 14 
11 12 13 

Graph 149:

2 3 4 
1 3 5 
1 2 6 
1 5 7 
2 4 7 
3 8 9 
4 5 10 
6 10 11 
6 12 13 
7 8 12 
8 13 14 
9 10 14 
9 11 14 
11 12 13 

Graph 150:

2 3 4 
1 3 5 
1 2 6 
1 5 7 
2 4 7 
3 8 9 
4 5 10 
6 10 11 
6 12 13 
7 8 14 
8 12 13 
9 11 14 
9 11 14 
10 12 13 

Graph 151:

2 3 4 
1 3 5 
1 2 6 
1 5 7 
2 4 7 
3 8 9 
4 5 10 
6 11 12 
6 11 13 
7 11 14 
8 9 10 
8 13 14 
9 12 14 
10 12 13 

Graph 152:

2 3 4 
1 3 5 
1 2 6 
1 5 7 
2 4 7 
3 8 9 
4 5 10 
6 11 12 
6 11 13 
7 12 13 
8 9 14 
8 10 14 
9 10 14 
11 12 13 

Graph 153:

2 3 4 
1 3 5 
1 2 6 
1 5 7 
2 4 7 
3 8 9 
4 5 10 
6 11 12 
6 11 13 
7 12 14 
8 9 14 
8 10 13 
9 12 14 
10 11 13 

Graph 154:

2 3 4 
1 3 5 
1 2 6 
1 5 7 
2 4 7 
3 8 9 
4 5 10 
6 11 12 
6 13 14 
7 11 13 
8 10 12 
8 11 14 
9 10 14 
9 12 13 

Graph 155:

2 3 4 
1 3 5 
1 2 6 
1 5 7 
2 4 7 
3 8 9 
4 5 10 
6 11 12 
6 13 14 
7 11 13 
8 10 14 
8 13 14 
9 10 12 
9 11 12 

Graph 156:

2 3 4 
1 3 5 
1 2 6 
1 5 7 
2 4 8 
3 7 8 
4 6 9 
5 6 10 
7 11 12 
8 13 14 
9 13 14 
9 13 14 
10 11 12 
10 11 12 

Graph 157:

2 3 4 
1 3 5 
1 2 6 
1 5 7 
2 4 8 
3 7 9 
4 6 8 
5 7 10 
6 11 12 
8 13 14 
9 13 14 
9 13 14 
10 11 12 
10 11 12 

Graph 158:

2 3 4 
1 3 5 
1 2 6 
1 5 7 
2 4 8 
3 7 9 
4 6 9 
5 10 11 
6 7 12 
8 13 14 
8 13 14 
9 13 14 
10 11 12 
10 11 12 

Graph 159:

2 3 4 
1 3 5 
1 2 6 
1 5 7 
2 4 8 
3 7 9 
4 6 10 
5 9 11 
6 8 12 
7 11 13 
8 10 14 
9 13 14 
10 12 14 
11 12 13 

Graph 160:

2 3 4 
1 3 5 
1 2 6 
1 5 7 
2 4 8 
3 7 9 
4 6 10 
5 9 11 
6 8 12 
7 12 13 
8 13 14 
9 10 14 
10 11 14 
11 12 13 

Graph 161:

2 3 4 
1 3 5 
1 2 6 
1 5 7 
2 4 8 
3 7 9 
4 6 10 
5 9 11 
6 8 12 
7 13 14 
8 12 13 
9 11 14 
10 11 14 
10 12 13 

Graph 162:

2 3 4 
1 3 5 
1 2 6 
1 5 7 
2 4 8 
3 7 9 
4 6 10 
5 9 11 
6 8 12 
7 13 14 
8 13 14 
9 13 14 
10 11 12 
10 11 12 

Graph 163:

2 3 4 
1 3 5 
1 2 6 
1 5 7 
2 4 8 
3 7 9 
4 6 10 
5 10 11 
6 12 13 
7 8 12 
8 13 14 
9 10 14 
9 11 14 
11 12 13 

Graph 164:

2 3 4 
1 3 5 
1 2 6 
1 5 7 
2 4 8 
3 7 9 
4 6 10 
5 10 11 
6 12 13 
7 8 14 
8 12 13 
9 11 14 
9 11 14 
10 12 13 

Graph 165:

2 3 4 
1 3 5 
1 2 6 
1 5 7 
2 4 8 
3 7 9 
4 6 10 
5 10 11 
6 12 13 
7 8 14 
8 12 14 
9 11 13 
9 12 14 
10 11 13 

Graph 166:

2 3 4 
1 3 5 
1 2 6 
1 5 7 
2 4 8 
3 7 9 
4 6 10 
5 11 12 
6 10 11 
7 9 13 
8 9 14 
8 13 14 
10 12 14 
11 12 13 

Graph 167:

2 3 4 
1 3 5 
1 2 6 
1 5 7 
2 4 8 
3 7 9 
4 6 10 
5 11 12 
6 10 13 
7 9 11 
8 10 14 
8 13 14 
9 12 14 
11 12 13 

Graph 168:

2 3 4 
1 3 5 
1 2 6 
1 5 7 
2 4 8 
3 7 9 
4 6 10 
5 11 12 
6 10 13 
7 9 14 
8 12 13 
8 11 14 
9 11 14 
10 12 13 

Graph 169:

2 3 4 
1 3 5 
1 2 6 
1 5 7 
2 4 8 
3 7 9 
4 6 10 
5 11 12 
6 10 13 
7 9 14 
8 13 14 
8 13 14 
9 11 12 
10 11 12 

Graph 170:

2 3 4 
1 3 5 
1 2 6 
1 5 7 
2 4 8 
3 7 9 
4 6 10 
5 11 12 
6 11 12 
7 13 14 
8 9 13 
8 9 14 
10 11 14 
10 12 13 

Graph 171:

2 3 4 
1 3 5 
1 2 6 
1 5 7 
2 4 8 
3 7 9 
4 6 10 
5 11 12 
6 11 13 
7 11 14 
8 9 10 
8 13 14 
9 12 14 
10 12 13 

Graph 172:

2 3 4 
1 3 5 
1 2 6 
1 5 7 
2 4 8 
3 7 9 
4 6 10 
5 11 12 
6 11 13 
7 12 13 
8 9 14 
8 10 14 
9 10 14 
11 12 13 

Graph 173:

2 3 4 
1 3 5 
1 2 6 
1 5 7 
2 4 8 
3 7 9 
4 6 10 
5 11 12 
6 11 13 
7 12 14 
8 9 13 
8 10 14 
9 11 14 
10 12 13 

Graph 174:

2 3 4 
1 3 5 
1 2 6 
1 5 7 
2 4 8 
3 7 9 
4 6 10 
5 11 12 
6 11 13 
7 12 14 
8 9 14 
8 10 13 
9 12 14 
10 11 13 

Graph 175:

2 3 4 
1 3 5 
1 2 6 
1 5 7 
2 4 8 
3 7 9 
4 6 10 
5 11 12 
6 11 13 
7 13 14 
8 9 12 
8 11 14 
9 10 14 
10 12 13 

Graph 176:

2 3 4 
1 3 5 
1 2 6 
1 5 7 
2 4 8 
3 7 9 
4 6 10 
5 11 12 
6 11 13 
7 13 14 
8 9 14 
8 13 14 
9 10 12 
10 11 12 

Graph 177:

2 3 4 
1 3 5 
1 2 6 
1 5 7 
2 4 8 
3 7 9 
4 6 10 
5 11 12 
6 13 14 
7 11 12 
8 10 13 
8 10 14 
9 11 14 
9 12 13 

Graph 178:

2 3 4 
1 3 5 
1 2 6 
1 5 7 
2 4 8 
3 7 9 
4 6 10 
5 11 12 
6 13 14 
7 11 13 
8 10 12 
8 11 14 
9 10 14 
9 12 13 

Graph 179:

2 3 4 
1 3 5 
1 2 6 
1 5 7 
2 4 8 
3 7 9 
4 6 10 
5 11 12 
6 13 14 
7 11 13 
8 10 14 
8 13 14 
9 10 12 
9 11 12 

Graph 180:

2 3 4 
1 3 5 
1 2 6 
1 5 7 
2 4 8 
3 7 9 
4 6 10 
5 11 12 
6 13 14 
7 13 14 
8 12 13 
8 11 14 
9 10 11 
9 10 12 

Graph 181:

2 3 4 
1 3 5 
1 2 6 
1 5 7 
2 4 8 
3 9 10 
4 8 9 
5 7 11 
6 7 12 
6 12 13 
8 13 14 
9 10 14 
10 11 14 
11 12 13 

Graph 182:

2 3 4 
1 3 5 
1 2 6 
1 5 7 
2 4 8 
3 9 10 
4 8 9 
5 7 11 
6 7 12 
6 13 14 
8 13 14 
9 13 14 
10 11 12 
10 11 12 

Graph 183:

2 3 4 
1 3 5 
1 2 6 
1 5 7 
2 4 8 
3 9 10 
4 8 11 
5 7 11 
6 12 13 
6 12 13 
7 8 14 
9 10 14 
9 10 14 
11 12 13 

Graph 184:

2 3 4 
1 3 5 
1 2 6 
1 5 7 
2 4 8 
3 9 10 
4 8 11 
5 7 12 
6 10 11 
6 9 13 
7 9 14 
8 13 14 
10 12 14 
11 12 13 

Graph 185:

2 3 4 
1 3 5 
1 2 6 
1 5 7 
2 4 8 
3 9 10 
4 8 11 
5 7 12 
6 10 13 
6 9 14 
7 12 13 
8 11 14 
9 11 14 
10 12 13 

Graph 186:

2 3 4 
1 3 5 
1 2 6 
1 5 7 
2 4 8 
3 9 10 
4 8 11 
5 7 12 
6 10 13 
6 9 14 
7 13 14 
8 13 14 
9 11 12 
10 11 12 

Graph 187:

2 3 4 
1 3 5 
1 2 6 
1 5 7 
2 4 8 
3 9 10 
4 8 11 
5 7 12 
6 11 12 
6 13 14 
7 9 13 
8 9 14 
10 11 14 
10 12 13 

Graph 188:

2 3 4 
1 3 5 
1 2 6 
1 5 7 
2 4 8 
3 9 10 
4 8 11 
5 7 12 
6 11 13 
6 11 14 
7 9 10 
8 13 14 
9 12 14 
10 12 13 

Graph 189:

2 3 4 
1 3 5 
1 2 6 
1 5 7 
2 4 8 
3 9 10 
4 8 11 
5 7 12 
6 11 13 
6 12 13 
7 9 14 
8 10 14 
9 10 14 
11 12 13 

Graph 190:

2 3 4 
1 3 5 
1 2 6 
1 5 7 
2 4 8 
3 9 10 
4 8 11 
5 7 12 
6 11 13 
6 12 14 
7 9 13 
8 10 14 
9 11 14 
10 12 13 

Graph 191:

2 3 4 
1 3 5 
1 2 6 
1 5 7 
2 4 8 
3 9 10 
4 8 11 
5 7 12 
6 11 13 
6 12 14 
7 9 14 
8 10 13 
9 12 14 
10 11 13 

Graph 192:

2 3 4 
1 3 5 
1 2 6 
1 5 7 
2 4 8 
3 9 10 
4 8 11 
5 7 12 
6 11 13 
6 13 14 
7 9 14 
8 13 14 
9 10 12 
10 11 12 

Graph 193:

2 3 4 
1 3 5 
1 2 6 
1 5 7 
2 4 8 
3 9 10 
4 8 11 
5 7 12 
6 13 14 
6 13 14 
7 12 13 
8 11 14 
9 10 11 
9 10 12 

Graph 194:

2 3 4 
1 3 5 
1 2 6 
1 5 7 
2 4 8 
3 9 10 
4 9 10 
5 11 12 
6 7 11 
6 7 13 
8 9 14 
8 13 14 
10 12 14 
11 12 13 

Graph 195:

2 3 4 
1 3 5 
1 2 6 
1 5 7 
2 4 8 
3 9 10 
4 9 10 
5 11 12 
6 7 13 
6 7 14 
8 12 13 
8 11 14 
9 11 14 
10 12 13 

Graph 196:

2 3 4 
1 3 5 
1 2 6 
1 5 7 
2 4 8 
3 9 10 
4 9 10 
5 11 12 
6 7 13 
6 7 14 
8 13 14 
8 13 14 
9 11 12 
10 11 12 

Graph 197:

2 3 4 
1 3 5 
1 2 6 
1 5 7 
2 4 8 
3 9 10 
4 9 11 
5 9 12 
6 7 8 
6 11 13 
7 10 14 
8 13 14 
10 12 14 
11 12 13 

Graph 198:

2 3 4 
1 3 5 
1 2 6 
1 5 7 
2 4 8 
3 9 10 
4 9 11 
5 9 12 
6 7 8 
6 13 14 
7 12 13 
8 11 14 
10 11 14 
10 12 13 

Graph 199:

2 3 4 
1 3 5 
1 2 6 
1 5 7 
2 4 8 
3 9 10 
4 9 11 
5 9 12 
6 7 8 
6 13 14 
7 13 14 
8 13 14 
10 11 12 
10 11 12 

Graph 200:

2 3 4 
1 3 5 
1 2 6 
1 5 7 
2 4 8 
3 9 10 
4 9 11 
5 10 11 
6 7 12 
6 8 13 
7 8 14 
9 13 14 
10 12 14 
11 12 13 

Graph 201:

2 3 4 
1 3 5 
1 2 6 
1 5 7 
2 4 8 
3 9 10 
4 9 11 
5 10 12 
6 7 11 
6 8 13 
7 9 14 
8 13 14 
10 12 14 
11 12 13 

Graph 202:

2 3 4 
1 3 5 
1 2 6 
1 5 7 
2 4 8 
3 9 10 
4 9 11 
5 10 12 
6 7 12 
6 8 13 
7 13 14 
8 9 14 
10 11 14 
11 12 13 

Graph 203:

2 3 4 
1 3 5 
1 2 6 
1 5 7 
2 4 8 
3 9 10 
4 9 11 
5 10 12 
6 7 13 
6 8 13 
7 12 14 
8 11 14 
9 10 14 
11 12 13 

Graph 204:

2 3 4 
1 3 5 
1 2 6 
1 5 7 
2 4 8 
3 9 10 
4 9 11 
5 10 12 
6 7 13 
6 8 14 
7 12 13 
8 11 14 
9 11 14 
10 12 13 

Graph 205:

2 3 4 
1 3 5 
1 2 6 
1 5 7 
2 4 8 
3 9 10 
4 9 11 
5 10 12 
6 7 13 
6 8 14 
7 12 14 
8 11 13 
9 12 14 
10 11 13 

Graph 206:

2 3 4 
1 3 5 
1 2 6 
1 5 7 
2 4 8 
3 9 10 
4 9 11 
5 10 12 
6 7 13 
6 8 14 
7 13 14 
8 13 14 
9 11 12 
10 11 12 

Graph 207:

2 3 4 
1 3 5 
1 2 6 
1 5 7 
2 4 8 
3 9 10 
4 9 11 
5 11 12 
6 7 10 
6 9 13 
7 8 14 
8 13 14 
10 12 14 
11 12 13 

Graph 208:

2 3 4 
1 3 5 
1 2 6 
1 5 7 
2 4 8 
3 9 10 
4 9 11 
5 11 12 
6 7 12 
6 13 14 
7 8 13 
8 9 14 
10 11 14 
10 12 13 

Graph 209:

2 3 4 
1 3 5 
1 2 6 
1 5 7 
2 4 8 
3 9 10 
4 9 11 
5 11 12 
6 7 13 
6 11 14 
7 8 10 
8 13 14 
9 12 14 
10 12 13 

Graph 210:

2 3 4 
1 3 5 
1 2 6 
1 5 7 
2 4 8 
3 9 10 
4 9 11 
5 11 12 
6 7 13 
6 12 13 
7 8 14 
8 10 14 
9 10 14 
11 12 13 

Graph 211:

2 3 4 
1 3 5 
1 2 6 
1 5 7 
2 4 8 
3 9 10 
4 9 11 
5 11 12 
6 7 13 
6 12 14 
7 8 13 
8 10 14 
9 11 14 
10 12 13 

Graph 212:

2 3 4 
1 3 5 
1 2 6 
1 5 7 
2 4 8 
3 9 10 
4 9 11 
5 11 12 
6 7 13 
6 12 14 
7 8 14 
8 10 13 
9 12 14 
10 11 13 

Graph 213:

2 3 4 
1 3 5 
1 2 6 
1 5 7 
2 4 8 
3 9 10 
4 9 11 
5 11 12 
6 7 13 
6 13 14 
7 8 12 
8 11 14 
9 10 14 
10 12 13 

Graph 214:

2 3 4 
1 3 5 
1 2 6 
1 5 7 
2 4 8 
3 9 10 
4 9 11 
5 11 12 
6 7 13 
6 13 14 
7 8 14 
8 13 14 
9 10 12 
10 11 12 

Graph 215:

2 3 4 
1 3 5 
1 2 6 
1 5 7 
2 4 8 
3 9 10 
4 9 11 
5 12 13 
6 7 10 
6 9 14 
7 12 13 
8 11 14 
8 11 14 
10 12 13 

Graph 216:

2 3 4 
1 3 5 
1 2 6 
1 5 7 
2 4 8 
3 9 10 
4 9 11 
5 12 13 
6 7 11 
6 12 13 
7 9 14 
8 10 14 
8 10 14 
11 12 13 

Graph 217:

2 3 4 
1 3 5 
1 2 6 
1 5 7 
2 4 8 
3 9 10 
4 9 11 
5 12 13 
6 7 11 
6 12 14 
7 9 13 
8 10 14 
8 11 14 
10 12 13 

Graph 218:

2 3 4 
1 3 5 
1 2 6 
1 5 7 
2 4 8 
3 9 10 
4 9 11 
5 12 13 
6 7 11 
6 12 14 
7 9 14 
8 10 13 
8 12 14 
10 11 13 

Graph 219:

2 3 4 
1 3 5 
1 2 6 
1 5 7 
2 4 8 
3 9 10 
4 9 11 
5 12 13 
6 7 12 
6 11 13 
7 10 14 
8 9 14 
8 10 14 
11 12 13 

Graph 220:

2 3 4 
1 3 5 
1 2 6 
1 5 7 
2 4 8 
3 9 10 
4 9 11 
5 12 13 
6 7 12 
6 11 14 
7 10 13 
8 9 14 
8 11 14 
10 12 13 

Graph 221:

2 3 4 
1 3 5 
1 2 6 
1 5 7 
2 4 8 
3 9 10 
4 9 11 
5 12 13 
6 7 12 
6 11 14 
7 10 14 
8 9 13 
8 12 14 
10 11 13 

Graph 222:

2 3 4 
1 3 5 
1 2 6 
1 5 7 
2 4 8 
3 9 10 
4 9 11 
5 12 13 
6 7 12 
6 12 14 
7 13 14 
8 9 10 
8 11 14 
10 11 13 

Graph 223:

2 3 4 
1 3 5 
1 2 6 
1 5 7 
2 4 8 
3 9 10 
4 9 11 
5 12 13 
6 7 12 
6 13 14 
7 12 14 
8 9 11 
8 10 14 
10 11 13 

Graph 224:

2 3 4 
1 3 5 
1 2 6 
1 5 7 
2 4 8 
3 9 10 
4 9 11 
5 12 13 
6 7 12 
6 13 14 
7 13 14 
8 9 14 
8 10 11 
10 11 12 

Graph 225:

2 3 4 
1 3 5 
1 2 6 
1 5 7 
2 4 8 
3 9 10 
4 9 11 
5 12 13 
6 7 14 
6 11 12 
7 10 13 
8 10 14 
8 11 14 
9 12 13 

Graph 226:

2 3 4 
1 3 5 
1 2 6 
1 5 7 
2 4 8 
3 9 10 
4 9 11 
5 12 13 
6 7 14 
6 11 12 
7 10 14 
8 10 13 
8 12 14 
9 11 13 

Graph 227:

2 3 4 
1 3 5 
1 2 6 
1 5 7 
2 4 8 
3 9 10 
4 9 11 
5 12 13 
6 7 14 
6 11 14 
7 10 12 
8 11 13 
8 12 14 
9 10 13 

Graph 228:

2 3 4 
1 3 5 
1 2 6 
1 5 7 
2 4 8 
3 9 10 
4 9 11 
5 12 13 
6 7 14 
6 12 13 
7 12 14 
8 10 11 
8 10 14 
9 11 13 

Graph 229:

2 3 4 
1 3 5 
1 2 6 
1 5 7 
2 4 8 
3 9 10 
4 9 11 
5 12 13 
6 7 14 
6 12 14 
7 12 13 
8 10 11 
8 11 14 
9 10 13 

Graph 230:

2 3 4 
1 3 5 
1 2 6 
1 5 7 
2 4 8 
3 9 10 
4 9 11 
5 12 13 
6 7 14 
6 12 14 
7 13 14 
8 10 13 
8 11 12 
9 10 11 

Graph 231:

2 3 4 
1 3 5 
1 2 6 
1 5 7 
2 4 8 
3 9 10 
4 11 12 
5 11 12 
6 10 13 
6 9 14 
7 8 13 
7 8 14 
9 11 14 
10 12 13 

Graph 232:

2 3 4 
1 3 5 
1 2 6 
1 5 7 
2 4 8 
3 9 10 
4 11 12 
5 11 12 
6 13 14 
6 13 14 
7 8 13 
7 8 14 
9 10 11 
9 10 12 

Graph 233:

2 3 4 
1 3 5 
1 2 6 
1 5 7 
2 4 8 
3 9 10 
4 11 12 
5 11 13 
6 10 11 
6 9 14 
7 8 9 
7 13 14 
8 12 14 
10 12 13 

Graph 234:

2 3 4 
1 3 5 
1 2 6 
1 5 7 
2 4 8 
3 9 10 
4 11 12 
5 11 13 
6 10 12 
6 9 13 
7 8 14 
7 9 14 
8 10 14 
11 12 13 

Graph 235:

2 3 4 
1 3 5 
1 2 6 
1 5 7 
2 4 8 
3 9 10 
4 11 12 
5 11 13 
6 10 12 
6 9 14 
7 8 13 
7 9 14 
8 11 14 
10 12 13 

Graph 236:

2 3 4 
1 3 5 
1 2 6 
1 5 7 
2 4 8 
3 9 10 
4 11 12 
5 11 13 
6 10 12 
6 9 14 
7 8 14 
7 9 13 
8 12 14 
10 11 13 

Graph 237:

2 3 4 
1 3 5 
1 2 6 
1 5 7 
2 4 8 
3 9 10 
4 11 12 
5 11 13 
6 11 12 
6 13 14 
7 8 9 
7 9 14 
8 10 14 
10 12 13 

Graph 238:

2 3 4 
1 3 5 
1 2 6 
1 5 7 
2 4 8 
3 9 10 
4 11 12 
5 11 13 
6 11 14 
6 12 13 
7 8 9 
7 10 14 
8 10 14 
9 12 13 

Graph 239:

2 3 4 
1 3 5 
1 2 6 
1 5 7 
2 4 8 
3 9 10 
4 11 12 
5 11 13 
6 11 14 
6 12 14 
7 8 9 
7 10 13 
8 12 14 
9 10 13 

Graph 240:

2 3 4 
1 3 5 
1 2 6 
1 5 7 
2 4 8 
3 9 10 
4 11 12 
5 11 13 
6 12 13 
6 12 14 
7 8 14 
7 9 10 
8 9 14 
10 11 13 

Graph 241:

2 3 4 
1 3 5 
1 2 6 
1 5 7 
2 4 8 
3 9 10 
4 11 12 
5 11 13 
6 12 14 
6 12 14 
7 8 13 
7 9 10 
8 11 14 
9 10 13 

Graph 242:

2 3 4 
1 3 5 
1 2 6 
1 5 7 
2 4 8 
3 9 10 
4 11 12 
5 11 13 
6 12 14 
6 13 14 
7 8 14 
7 9 13 
8 10 12 
9 10 11 

Graph 243:

2 3 4 
1 3 5 
1 2 6 
1 5 7 
2 4 8 
3 9 10 
4 11 12 
5 13 14 
6 10 11 
6 9 12 
7 9 13 
7 10 14 
8 11 14 
8 12 13 

Graph 244:

2 3 4 
1 3 5 
1 2 6 
1 5 7 
2 4 8 
3 9 10 
4 11 12 
5 13 14 
6 10 11 
6 9 13 
7 9 12 
7 11 14 
8 10 14 
8 12 13 

Graph 245:

2 3 4 
1 3 5 
1 2 6 
1 5 7 
2 4 8 
3 9 10 
4 11 12 
5 13 14 
6 10 11 
6 9 13 
7 9 14 
7 13 14 
8 10 12 
8 11 12 

Graph 246:

2 3 4 
1 3 5 
1 2 6 
1 5 7 
2 4 8 
3 9 10 
4 11 12 
5 13 14 
6 11 12 
6 11 13 
7 9 10 
7 9 14 
8 10 14 
8 12 13 

Graph 247:

2 3 4 
1 3 5 
1 2 6 
1 5 7 
2 4 8 
3 9 10 
4 11 12 
5 13 14 
6 11 12 
6 13 14 
7 9 13 
7 9 14 
8 10 11 
8 10 12 

Graph 248:

2 3 4 
1 3 5 
1 2 6 
1 5 7 
2 4 8 
3 9 10 
4 11 12 
5 13 14 
6 11 13 
6 11 14 
7 9 10 
7 13 14 
8 9 12 
8 10 12 

Graph 249:

2 3 4 
1 3 5 
1 2 6 
1 5 7 
2 4 8 
3 9 10 
4 11 12 
5 13 14 
6 11 13 
6 12 14 
7 9 12 
7 10 11 
8 9 14 
8 10 13 

Graph 250:

2 3 4 
1 3 5 
1 2 6 
1 5 7 
2 4 8 
3 9 10 
4 11 12 
5 13 14 
6 11 13 
6 12 14 
7 9 13 
7 10 14 
8 9 11 
8 10 12 

Graph 251:

2 3 4 
1 3 5 
1 2 6 
1 5 7 
2 4 8 
3 9 10 
4 11 12 
5 13 14 
6 11 13 
6 12 14 
7 9 14 
7 10 13 
8 9 12 
8 10 11 

Graph 252:

2 3 4 
1 3 5 
1 2 6 
1 7 8 
2 7 8 
3 7 9 
4 5 6 
4 5 10 
6 11 12 
8 13 14 
9 13 14 
9 13 14 
10 11 12 
10 11 12 

Graph 253:

2 3 4 
1 3 5 
1 2 6 
1 7 8 
2 7 8 
3 9 10 
4 5 9 
4 5 11 
6 7 12 
6 13 14 
8 13 14 
9 13 14 
10 11 12 
10 11 12 

Graph 254:

2 3 4 
1 3 5 
1 2 6 
1 7 8 
2 7 8 
3 9 10 
4 5 11 
4 5 11 
6 12 13 
6 12 13 
7 8 14 
9 10 14 
9 10 14 
11 12 13 

Graph 255:

2 3 4 
1 3 5 
1 2 6 
1 7 8 
2 7 8 
3 9 10 
4 5 11 
4 5 12 
6 10 11 
6 9 13 
7 9 14 
8 13 14 
10 12 14 
11 12 13 

Graph 256:

2 3 4 
1 3 5 
1 2 6 
1 7 8 
2 7 8 
3 9 10 
4 5 11 
4 5 12 
6 10 13 
6 9 14 
7 13 14 
8 13 14 
9 11 12 
10 11 12 

Graph 257:

2 3 4 
1 3 5 
1 2 6 
1 7 8 
2 7 8 
3 9 10 
4 5 11 
4 5 12 
6 11 12 
6 13 14 
7 9 13 
8 9 14 
10 11 14 
10 12 13 

Graph 258:

2 3 4 
1 3 5 
1 2 6 
1 7 8 
2 7 8 
3 9 10 
4 5 11 
4 5 12 
6 11 13 
6 11 14 
7 9 10 
8 13 14 
9 12 14 
10 12 13 

Graph 259:

2 3 4 
1 3 5 
1 2 6 
1 7 8 
2 7 8 
3 9 10 
4 5 11 
4 5 12 
6 11 13 
6 12 13 
7 9 14 
8 10 14 
9 10 14 
11 12 13 

Graph 260:

2 3 4 
1 3 5 
1 2 6 
1 7 8 
2 7 8 
3 9 10 
4 5 11 
4 5 12 
6 11 13 
6 12 14 
7 9 13 
8 10 14 
9 11 14 
10 12 13 

Graph 261:

2 3 4 
1 3 5 
1 2 6 
1 7 8 
2 7 8 
3 9 10 
4 5 11 
4 5 12 
6 11 13 
6 12 14 
7 9 14 
8 10 13 
9 12 14 
10 11 13 

Graph 262:

2 3 4 
1 3 5 
1 2 6 
1 7 8 
2 7 8 
3 9 10 
4 5 11 
4 5 12 
6 11 13 
6 13 14 
7 9 14 
8 13 14 
9 10 12 
10 11 12 

Graph 263:

2 3 4 
1 3 5 
1 2 6 
1 7 8 
2 7 8 
3 9 10 
4 5 11 
4 5 12 
6 13 14 
6 13 14 
7 12 13 
8 11 14 
9 10 11 
9 10 12 

Graph 264:

2 3 4 
1 3 5 
1 2 6 
1 7 8 
2 7 9 
3 7 10 
4 5 6 
4 9 11 
5 8 12 
6 13 14 
8 13 14 
9 13 14 
10 11 12 
10 11 12 

Graph 265:

2 3 4 
1 3 5 
1 2 6 
1 7 8 
2 7 9 
3 7 10 
4 5 6 
4 11 12 
5 11 13 
6 11 14 
8 9 10 
8 13 14 
9 12 14 
10 12 13 

Graph 266:

2 3 4 
1 3 5 
1 2 6 
1 7 8 
2 7 9 
3 7 10 
4 5 6 
4 11 12 
5 11 13 
6 12 13 
8 9 14 
8 10 14 
9 10 14 
11 12 13 

Graph 267:

2 3 4 
1 3 5 
1 2 6 
1 7 8 
2 7 9 
3 7 10 
4 5 6 
4 11 12 
5 11 13 
6 12 14 
8 9 13 
8 10 14 
9 11 14 
10 12 13 

Graph 268:

2 3 4 
1 3 5 
1 2 6 
1 7 8 
2 7 9 
3 7 10 
4 5 6 
4 11 12 
5 11 13 
6 12 14 
8 9 14 
8 10 13 
9 12 14 
10 11 13 

Graph 269:

2 3 4 
1 3 5 
1 2 6 
1 7 8 
2 7 9 
3 8 9 
4 5 10 
4 6 11 
5 6 12 
7 13 14 
8 13 14 
9 13 14 
10 11 12 
10 11 12 

Graph 270:

2 3 4 
1 3 5 
1 2 6 
1 7 8 
2 7 9 
3 8 10 
4 5 8 
4 6 7 
5 11 12 
6 13 14 
9 13 14 
9 13 14 
10 11 12 
10 11 12 

Graph 271:

2 3 4 
1 3 5 
1 2 6 
1 7 8 
2 7 9 
3 8 10 
4 5 9 
4 6 11 
5 7 12 
6 13 14 
8 13 14 
9 13 14 
10 11 12 
10 11 12 

Graph 272:

2 3 4 
1 3 5 
1 2 6 
1 7 8 
2 7 9 
3 8 10 
4 5 10 
4 6 11 
5 12 13 
6 7 14 
8 12 13 
9 11 14 
9 11 14 
10 12 13 

Graph 273:

2 3 4 
1 3 5 
1 2 6 
1 7 8 
2 7 9 
3 8 10 
4 5 11 
4 6 11 
5 12 13 
6 12 13 
7 8 14 
9 10 14 
9 10 14 
11 12 13 

Graph 274:

2 3 4 
1 3 5 
1 2 6 
1 7 8 
2 7 9 
3 8 10 
4 5 11 
4 6 12 
5 10 11 
6 9 13 
7 9 14 
8 13 14 
10 12 14 
11 12 13 

Graph 275:

2 3 4 
1 3 5 
1 2 6 
1 7 8 
2 7 9 
3 8 10 
4 5 11 
4 6 12 
5 10 12 
6 9 13 
7 13 14 
8 9 14 
10 11 14 
11 12 13 

Graph 276:

2 3 4 
1 3 5 
1 2 6 
1 7 8 
2 7 9 
3 8 10 
4 5 11 
4 6 12 
5 10 13 
6 9 13 
7 12 14 
8 11 14 
9 10 14 
11 12 13 

Graph 277:

2 3 4 
1 3 5 
1 2 6 
1 7 8 
2 7 9 
3 8 10 
4 5 11 
4 6 12 
5 10 13 
6 9 14 
7 12 13 
8 11 14 
9 11 14 
10 12 13 

Graph 278:

2 3 4 
1 3 5 
1 2 6 
1 7 8 
2 7 9 
3 8 10 
4 5 11 
4 6 12 
5 10 13 
6 9 14 
7 12 14 
8 11 13 
9 12 14 
10 11 13 

Graph 279:

2 3 4 
1 3 5 
1 2 6 
1 7 8 
2 7 9 
3 8 10 
4 5 11 
4 6 12 
5 10 13 
6 9 14 
7 13 14 
8 13 14 
9 11 12 
10 11 12 

Graph 280:

2 3 4 
1 3 5 
1 2 6 
1 7 8 
2 7 9 
3 8 10 
4 5 11 
4 6 12 
5 11 12 
6 13 14 
7 9 13 
8 9 14 
10 11 14 
10 12 13 

Graph 281:

2 3 4 
1 3 5 
1 2 6 
1 7 8 
2 7 9 
3 8 10 
4 5 11 
4 6 12 
5 11 13 
6 11 14 
7 9 10 
8 13 14 
9 12 14 
10 12 13 

Graph 282:

2 3 4 
1 3 5 
1 2 6 
1 7 8 
2 7 9 
3 8 10 
4 5 11 
4 6 12 
5 11 13 
6 12 13 
7 9 14 
8 10 14 
9 10 14 
11 12 13 

Graph 283:

2 3 4 
1 3 5 
1 2 6 
1 7 8 
2 7 9 
3 8 10 
4 5 11 
4 6 12 
5 11 13 
6 12 14 
7 9 14 
8 10 13 
9 12 14 
10 11 13 

Graph 284:

2 3 4 
1 3 5 
1 2 6 
1 7 8 
2 7 9 
3 8 10 
4 5 11 
4 6 12 
5 11 13 
6 13 14 
7 9 12 
8 11 14 
9 10 14 
10 12 13 

Graph 285:

2 3 4 
1 3 5 
1 2 6 
1 7 8 
2 7 9 
3 8 10 
4 5 11 
4 6 12 
5 11 13 
6 13 14 
7 9 14 
8 13 14 
9 10 12 
10 11 12 

Graph 286:

2 3 4 
1 3 5 
1 2 6 
1 7 8 
2 7 9 
3 8 10 
4 5 11 
4 6 12 
5 12 13 
6 11 13 
7 10 14 
8 9 14 
9 10 14 
11 12 13 

Graph 287:

2 3 4 
1 3 5 
1 2 6 
1 7 8 
2 7 9 
3 8 10 
4 5 11 
4 6 12 
5 12 13 
6 11 14 
7 10 13 
8 9 14 
9 11 14 
10 12 13 

Graph 288:

2 3 4 
1 3 5 
1 2 6 
1 7 8 
2 7 9 
3 8 10 
4 5 11 
4 6 12 
5 12 13 
6 11 14 
7 10 14 
8 9 13 
9 12 14 
10 11 13 

Graph 289:

2 3 4 
1 3 5 
1 2 6 
1 7 8 
2 7 9 
3 8 10 
4 5 11 
4 6 12 
5 12 13 
6 13 14 
7 12 14 
8 9 11 
9 10 14 
10 11 13 

Graph 290:

2 3 4 
1 3 5 
1 2 6 
1 7 8 
2 7 9 
3 8 10 
4 5 11 
4 6 12 
5 12 13 
6 13 14 
7 13 14 
8 9 14 
9 10 11 
10 11 12 

Graph 291:

2 3 4 
1 3 5 
1 2 6 
1 7 8 
2 7 9 
3 8 10 
4 5 11 
4 6 12 
5 13 14 
6 13 14 
7 12 13 
8 11 14 
9 10 11 
9 10 12 

Graph 292:

2 3 4 
1 3 5 
1 2 6 
1 7 8 
2 7 9 
3 10 11 
4 5 8 
4 7 10 
5 12 13 
6 8 14 
6 12 13 
9 11 14 
9 11 14 
10 12 13 

Graph 293:

2 3 4 
1 3 5 
1 2 6 
1 7 8 
2 7 9 
3 10 11 
4 5 8 
4 7 12 
5 10 13 
6 9 11 
6 10 14 
8 13 14 
9 12 14 
11 12 13 

Graph 294:

2 3 4 
1 3 5 
1 2 6 
1 7 8 
2 7 9 
3 10 11 
4 5 8 
4 7 12 
5 10 13 
6 9 13 
6 12 14 
8 11 14 
9 10 14 
11 12 13 

Graph 295:

2 3 4 
1 3 5 
1 2 6 
1 7 8 
2 7 9 
3 10 11 
4 5 8 
4 7 12 
5 10 13 
6 9 14 
6 12 13 
8 11 14 
9 11 14 
10 12 13 

Graph 296:

2 3 4 
1 3 5 
1 2 6 
1 7 8 
2 7 9 
3 10 11 
4 5 8 
4 7 12 
5 10 13 
6 9 14 
6 12 14 
8 11 13 
9 12 14 
10 11 13 

Graph 297:

2 3 4 
1 3 5 
1 2 6 
1 7 8 
2 7 9 
3 10 11 
4 5 8 
4 7 12 
5 10 13 
6 9 14 
6 13 14 
8 13 14 
9 11 12 
10 11 12 

Graph 298:

2 3 4 
1 3 5 
1 2 6 
1 7 8 
2 7 9 
3 10 11 
4 5 10 
4 9 12 
5 8 13 
6 7 14 
6 12 13 
8 11 14 
9 11 14 
10 12 13 

Graph 299:

2 3 4 
1 3 5 
1 2 6 
1 7 8 
2 7 9 
3 10 11 
4 5 10 
4 9 12 
5 8 13 
6 7 14 
6 12 14 
8 11 13 
9 12 14 
10 11 13 

Graph 300:

2 3 4 
1 3 5 
1 2 6 
1 7 8 
2 7 9 
3 10 11 
4 5 10 
4 10 12 
5 13 14 
6 7 8 
6 13 14 
8 13 14 
9 11 12 
9 11 12 

Graph 301:

2 3 4 
1 3 5 
1 2 6 
1 7 8 
2 7 9 
3 10 11 
4 5 10 
4 11 12 
5 11 13 
6 7 14 
6 8 9 
8 13 14 
9 12 14 
10 12 13 

Graph 302:

2 3 4 
1 3 5 
1 2 6 
1 7 8 
2 7 9 
3 10 11 
4 5 10 
4 11 12 
5 12 13 
6 7 13 
6 8 14 
8 9 14 
9 10 14 
11 12 13 

Graph 303:

2 3 4 
1 3 5 
1 2 6 
1 7 8 
2 7 9 
3 10 11 
4 5 10 
4 11 12 
5 12 13 
6 7 14 
6 8 13 
8 9 14 
9 11 14 
10 12 13 

Graph 304:

2 3 4 
1 3 5 
1 2 6 
1 7 8 
2 7 9 
3 10 11 
4 5 10 
4 11 12 
5 12 13 
6 7 14 
6 8 14 
8 9 13 
9 12 14 
10 11 13 

Graph 305:

2 3 4 
1 3 5 
1 2 6 
1 7 8 
2 7 9 
3 10 11 
4 5 10 
4 11 12 
5 13 14 
6 7 12 
6 8 13 
8 10 14 
9 11 14 
9 12 13 

Graph 306:

2 3 4 
1 3 5 
1 2 6 
1 7 8 
2 7 9 
3 10 11 
4 5 10 
4 11 12 
5 13 14 
6 7 13 
6 8 12 
8 11 14 
9 10 14 
9 12 13 

Graph 307:

2 3 4 
1 3 5 
1 2 6 
1 7 8 
2 7 9 
3 10 11 
4 5 10 
4 11 12 
5 13 14 
6 7 13 
6 8 14 
8 13 14 
9 10 12 
9 11 12 

Graph 308:

2 3 4 
1 3 5 
1 2 6 
1 7 8 
2 7 9 
3 10 11 
4 5 10 
4 12 13 
5 12 13 
6 7 11 
6 10 14 
8 9 14 
8 9 14 
11 12 13 

Graph 309:

2 3 4 
1 3 5 
1 2 6 
1 7 8 
2 7 9 
3 10 11 
4 5 10 
4 12 13 
5 12 13 
6 7 14 
6 12 14 
8 9 11 
8 9 14 
10 11 13 

Graph 310:

2 3 4 
1 3 5 
1 2 6 
1 7 8 
2 7 9 
3 10 11 
4 5 10 
4 12 13 
5 12 14 
6 7 12 
6 13 14 
8 9 10 
8 11 14 
9 11 13 

Graph 311:

2 3 4 
1 3 5 
1 2 6 
1 7 8 
2 7 9 
3 10 11 
4 5 10 
4 12 13 
5 12 14 
6 7 13 
6 12 14 
8 9 11 
8 10 14 
9 11 13 

Graph 312:

2 3 4 
1 3 5 
1 2 6 
1 7 8 
2 7 9 
3 10 11 
4 5 10 
4 12 13 
5 12 14 
6 7 13 
6 13 14 
8 9 14 
8 10 11 
9 11 12 

Graph 313:

2 3 4 
1 3 5 
1 2 6 
1 7 8 
2 7 9 
3 10 11 
4 5 12 
4 9 10 
5 8 11 
6 8 13 
6 9 14 
7 13 14 
10 12 14 
11 12 13 

Graph 314:

2 3 4 
1 3 5 
1 2 6 
1 7 8 
2 7 9 
3 10 11 
4 5 12 
4 9 10 
5 8 13 
6 8 11 
6 10 14 
7 13 14 
9 12 14 
11 12 13 

Graph 315:

2 3 4 
1 3 5 
1 2 6 
1 7 8 
2 7 9 
3 10 11 
4 5 12 
4 9 10 
5 8 13 
6 8 13 
6 12 14 
7 11 14 
9 10 14 
11 12 13 

Graph 316:

2 3 4 
1 3 5 
1 2 6 
1 7 8 
2 7 9 
3 10 11 
4 5 12 
4 9 10 
5 8 13 
6 8 14 
6 12 13 
7 11 14 
9 11 14 
10 12 13 

Graph 317:

2 3 4 
1 3 5 
1 2 6 
1 7 8 
2 7 9 
3 10 11 
4 5 12 
4 9 10 
5 8 13 
6 8 14 
6 12 14 
7 11 13 
9 12 14 
10 11 13 

Graph 318:

2 3 4 
1 3 5 
1 2 6 
1 7 8 
2 7 9 
3 10 11 
4 5 12 
4 9 10 
5 8 13 
6 8 14 
6 13 14 
7 13 14 
9 11 12 
10 11 12 

Graph 319:

2 3 4 
1 3 5 
1 2 6 
1 7 8 
2 7 9 
3 10 11 
4 5 12 
4 9 12 
5 8 13 
6 13 14 
6 13 14 
7 8 14 
9 10 11 
10 11 12 

Graph 320:

2 3 4 
1 3 5 
1 2 6 
1 7 8 
2 7 9 
3 10 11 
4 5 12 
4 9 13 
5 8 13 
6 12 14 
6 12 14 
7 10 11 
8 9 14 
10 11 13 

Graph 321:

2 3 4 
1 3 5 
1 2 6 
1 7 8 
2 7 9 
3 10 11 
4 5 12 
4 9 13 
5 8 14 
6 11 12 
6 10 13 
7 10 14 
8 11 14 
9 12 13 

Graph 322:

2 3 4 
1 3 5 
1 2 6 
1 7 8 
2 7 9 
3 10 11 
4 5 12 
4 9 13 
5 8 14 
6 11 13 
6 10 14 
7 13 14 
8 10 12 
9 11 12 

Graph 323:

2 3 4 
1 3 5 
1 2 6 
1 7 8 
2 7 9 
3 10 11 
4 5 12 
4 9 13 
5 8 14 
6 12 13 
6 12 14 
7 10 11 
8 10 14 
9 11 13 

Graph 324:

2 3 4 
1 3 5 
1 2 6 
1 7 8 
2 7 9 
3 10 11 
4 5 12 
4 9 13 
5 8 14 
6 12 13 
6 13 14 
7 10 14 
8 10 11 
9 11 12 

Graph 325:

2 3 4 
1 3 5 
1 2 6 
1 7 8 
2 7 9 
3 10 11 
4 5 12 
4 10 11 
5 10 13 
6 8 9 
6 8 14 
7 13 14 
9 12 14 
11 12 13 

Graph 326:

2 3 4 
1 3 5 
1 2 6 
1 7 8 
2 7 9 
3 10 11 
4 5 12 
4 10 11 
5 12 13 
6 8 13 
6 8 14 
7 9 14 
9 10 14 
11 12 13 

Graph 327:

2 3 4 
1 3 5 
1 2 6 
1 7 8 
2 7 9 
3 10 11 
4 5 12 
4 10 11 
5 13 14 
6 8 12 
6 8 13 
7 10 14 
9 11 14 
9 12 13 

Graph 328:

2 3 4 
1 3 5 
1 2 6 
1 7 8 
2 7 9 
3 10 11 
4 5 12 
4 10 11 
5 13 14 
6 8 13 
6 8 14 
7 13 14 
9 10 12 
9 11 12 

Graph 329:

2 3 4 
1 3 5 
1 2 6 
1 7 8 
2 7 9 
3 10 11 
4 5 12 
4 10 12 
5 11 13 
6 8 13 
6 9 14 
7 8 14 
9 10 14 
11 12 13 

Graph 330:

2 3 4 
1 3 5 
1 2 6 
1 7 8 
2 7 9 
3 10 11 
4 5 12 
4 10 12 
5 11 13 
6 8 14 
6 9 13 
7 8 14 
9 11 14 
10 12 13 

Graph 331:

2 3 4 
1 3 5 
1 2 6 
1 7 8 
2 7 9 
3 10 11 
4 5 12 
4 10 12 
5 11 13 
6 8 14 
6 9 14 
7 8 13 
9 12 14 
10 11 13 

Graph 332:

2 3 4 
1 3 5 
1 2 6 
1 7 8 
2 7 9 
3 10 11 
4 5 12 
4 10 12 
5 13 14 
6 8 11 
6 10 13 
7 8 14 
9 11 14 
9 12 13 

Graph 333:

2 3 4 
1 3 5 
1 2 6 
1 7 8 
2 7 9 
3 10 11 
4 5 12 
4 10 12 
5 13 14 
6 8 13 
6 13 14 
7 8 14 
9 10 11 
9 11 12 

Graph 334:

2 3 4 
1 3 5 
1 2 6 
1 7 8 
2 7 9 
3 10 11 
4 5 12 
4 10 13 
5 10 13 
6 8 9 
6 12 14 
7 11 14 
8 9 14 
11 12 13 

Graph 335:

2 3 4 
1 3 5 
1 2 6 
1 7 8 
2 7 9 
3 10 11 
4 5 12 
4 10 13 
5 10 14 
6 8 9 
6 12 13 
7 11 14 
8 11 14 
9 12 13 

Graph 336:

2 3 4 
1 3 5 
1 2 6 
1 7 8 
2 7 9 
3 10 11 
4 5 12 
4 10 13 
5 10 14 
6 8 9 
6 13 14 
7 13 14 
8 11 12 
9 11 12 

Graph 337:

2 3 4 
1 3 5 
1 2 6 
1 7 8 
2 7 9 
3 10 11 
4 5 12 
4 10 13 
5 11 13 
6 8 12 
6 9 14 
7 10 14 
8 9 14 
11 12 13 

Graph 338:

2 3 4 
1 3 5 
1 2 6 
1 7 8 
2 7 9 
3 10 11 
4 5 12 
4 10 13 
5 11 13 
6 8 14 
6 9 14 
7 13 14 
8 9 12 
10 11 12 

Graph 339:

2 3 4 
1 3 5 
1 2 6 
1 7 8 
2 7 9 
3 10 11 
4 5 12 
4 10 13 
5 11 14 
6 8 12 
6 9 13 
7 10 14 
8 11 14 
9 12 13 

Graph 340:

2 3 4 
1 3 5 
1 2 6 
1 7 8 
2 7 9 
3 10 11 
4 5 12 
4 10 13 
5 11 14 
6 8 12 
6 9 14 
7 10 13 
8 12 14 
9 11 13 

Graph 341:

2 3 4 
1 3 5 
1 2 6 
1 7 8 
2 7 9 
3 10 11 
4 5 12 
4 10 13 
5 11 14 
6 8 13 
6 9 14 
7 13 14 
8 10 12 
9 11 12 

Graph 342:

2 3 4 
1 3 5 
1 2 6 
1 7 8 
2 7 9 
3 10 11 
4 5 12 
4 10 13 
5 11 14 
6 8 14 
6 9 13 
7 13 14 
8 11 12 
9 10 12 

Graph 343:

2 3 4 
1 3 5 
1 2 6 
1 7 8 
2 7 9 
3 10 11 
4 5 12 
4 10 13 
5 12 13 
6 8 11 
6 10 14 
7 9 14 
8 9 14 
11 12 13 

Graph 344:

2 3 4 
1 3 5 
1 2 6 
1 7 8 
2 7 9 
3 10 11 
4 5 12 
4 10 13 
5 12 13 
6 8 14 
6 12 14 
7 9 11 
8 9 14 
10 11 13 

Graph 345:

2 3 4 
1 3 5 
1 2 6 
1 7 8 
2 7 9 
3 10 11 
4 5 12 
4 10 13 
5 12 13 
6 8 14 
6 13 14 
7 9 14 
8 9 11 
10 11 12 

Graph 346:

2 3 4 
1 3 5 
1 2 6 
1 7 8 
2 7 9 
3 10 11 
4 5 12 
4 10 13 
5 12 14 
6 8 11 
6 10 14 
7 9 13 
8 12 14 
9 11 13 

Graph 347:

2 3 4 
1 3 5 
1 2 6 
1 7 8 
2 7 9 
3 10 11 
4 5 12 
4 10 13 
5 12 14 
6 8 13 
6 12 14 
7 9 11 
8 10 14 
9 11 13 

Graph 348:

2 3 4 
1 3 5 
1 2 6 
1 7 8 
2 7 9 
3 10 11 
4 5 12 
4 10 13 
5 12 14 
6 8 14 
6 12 13 
7 9 11 
8 11 14 
9 10 13 

Graph 349:

2 3 4 
1 3 5 
1 2 6 
1 7 8 
2 7 9 
3 10 11 
4 5 12 
4 10 13 
5 12 14 
6 8 14 
6 13 14 
7 9 13 
8 11 12 
9 10 11 

Graph 350:

2 3 4 
1 3 5 
1 2 6 
1 7 8 
2 7 9 
3 10 11 
4 5 12 
4 10 13 
5 13 14 
6 8 11 
6 10 14 
7 13 14 
8 9 12 
9 11 12 

Graph 351:

2 3 4 
1 3 5 
1 2 6 
1 7 8 
2 7 9 
3 10 11 
4 5 12 
4 10 13 
5 13 14 
6 8 12 
6 12 14 
7 10 11 
8 9 14 
9 11 13 

Graph 352:

2 3 4 
1 3 5 
1 2 6 
1 7 8 
2 7 9 
3 10 11 
4 5 12 
4 10 13 
5 13 14 
6 8 12 
6 13 14 
7 10 14 
8 9 11 
9 11 12 

Graph 353:

2 3 4 
1 3 5 
1 2 6 
1 7 8 
2 7 9 
3 10 11 
4 5 12 
4 10 13 
5 13 14 
6 8 13 
6 12 14 
7 11 14 
8 9 10 
9 11 12 

Graph 354:

2 3 4 
1 3 5 
1 2 6 
1 7 8 
2 7 9 
3 10 11 
4 5 12 
4 10 13 
5 13 14 
6 8 14 
6 12 13 
7 11 14 
8 9 11 
9 10 12 

Graph 355:

2 3 4 
1 3 5 
1 2 6 
1 7 8 
2 7 9 
3 10 11 
4 5 12 
4 10 13 
5 13 14 
6 8 14 
6 12 14 
7 11 13 
8 9 12 
9 10 11 

Graph 356:

2 3 4 
1 3 5 
1 2 6 
1 7 8 
2 7 9 
3 10 11 
4 5 12 
4 12 13 
5 12 14 
6 13 14 
6 13 14 
7 8 9 
8 10 11 
9 10 11 

Graph 357:

2 3 4 
1 3 5 
1 2 6 
1 7 8 
2 7 9 
3 10 11 
4 5 12 
4 12 13 
5 13 14 
6 11 12 
6 10 14 
7 8 10 
8 9 14 
9 11 13 

Graph 358:

2 3 4 
1 3 5 
1 2 6 
1 7 8 
2 7 9 
3 10 11 
4 5 12 
4 12 13 
5 13 14 
6 12 14 
6 13 14 
7 8 10 
8 9 11 
9 10 11 

Graph 359:

2 3 4 
1 3 5 
1 2 6 
1 7 8 
2 7 9 
3 10 11 
4 5 12 
4 13 14 
5 13 14 
6 11 12 
6 10 13 
7 10 14 
8 9 11 
8 9 12 

Graph 360:

2 3 4 
1 3 5 
1 2 6 
1 7 8 
2 7 9 
3 10 11 
4 5 12 
4 13 14 
5 13 14 
6 12 13 
6 12 14 
7 10 11 
8 9 10 
8 9 11 

Graph 361:

2 3 4 
1 3 5 
1 2 6 
1 7 8 
2 9 10 
3 11 12 
4 8 9 
4 7 11 
5 7 13 
5 12 13 
6 8 14 
6 10 14 
9 10 14 
11 12 13 

Graph 362:

2 3 4 
1 3 5 
1 2 6 
1 7 8 
2 9 10 
3 11 12 
4 8 9 
4 7 11 
5 7 13 
5 12 14 
6 8 14 
6 10 13 
9 12 14 
10 11 13 

Graph 363:

2 3 4 
1 3 5 
1 2 6 
1 7 8 
2 9 10 
3 11 12 
4 8 9 
4 7 11 
5 7 13 
5 13 14 
6 8 14 
6 13 14 
9 10 12 
10 11 12 

Graph 364:

2 3 4 
1 3 5 
1 2 6 
1 7 8 
2 9 10 
3 11 12 
4 8 9 
4 7 13 
5 7 10 
5 9 14 
6 13 14 
6 13 14 
8 11 12 
10 11 12 

Graph 365:

2 3 4 
1 3 5 
1 2 6 
1 7 8 
2 9 10 
3 11 12 
4 8 9 
4 7 13 
5 7 11 
5 12 13 
6 9 14 
6 10 14 
8 10 14 
11 12 13 

Graph 366:

2 3 4 
1 3 5 
1 2 6 
1 7 8 
2 9 10 
3 11 12 
4 8 9 
4 7 13 
5 7 11 
5 12 14 
6 9 14 
6 10 13 
8 12 14 
10 11 13 

Graph 367:

2 3 4 
1 3 5 
1 2 6 
1 7 8 
2 9 10 
3 11 12 
4 8 9 
4 7 13 
5 7 11 
5 13 14 
6 9 12 
6 11 14 
8 10 14 
10 12 13 

Graph 368:

2 3 4 
1 3 5 
1 2 6 
1 7 8 
2 9 10 
3 11 12 
4 8 9 
4 7 13 
5 7 11 
5 13 14 
6 9 14 
6 13 14 
8 10 12 
10 11 12 

Graph 369:

2 3 4 
1 3 5 
1 2 6 
1 7 8 
2 9 10 
3 11 12 
4 8 9 
4 7 13 
5 7 14 
5 11 14 
6 10 13 
6 13 14 
8 11 12 
9 10 12 

Graph 370:

2 3 4 
1 3 5 
1 2 6 
1 7 8 
2 9 10 
3 11 12 
4 8 13 
4 7 14 
5 10 13 
5 9 14 
6 12 13 
6 11 14 
7 9 11 
8 10 12 

Graph 371:

2 3 4 
1 3 5 
1 2 6 
1 7 8 
2 9 10 
3 11 12 
4 8 13 
4 7 14 
5 11 13 
5 12 13 
6 9 14 
6 10 14 
7 9 10 
8 11 12 

Graph 372:

2 3 4 
1 3 5 
1 2 6 
1 7 8 
2 9 10 
3 11 12 
4 8 13 
4 7 14 
5 11 13 
5 12 14 
6 9 14 
6 10 13 
7 9 12 
8 10 11 

Graph 373:

2 3 4 
1 3 5 
1 2 6 
1 7 8 
2 9 10 
3 11 12 
4 9 10 
4 9 13 
5 7 8 
5 7 14 
6 13 14 
6 13 14 
8 11 12 
10 11 12 

Graph 374:

2 3 4 
1 3 5 
1 2 6 
1 7 8 
2 9 10 
3 11 12 
4 9 10 
4 11 12 
5 7 13 
5 7 13 
6 8 14 
6 8 14 
9 10 14 
11 12 13 

Graph 375:

2 3 4 
1 3 5 
1 2 6 
1 7 8 
2 9 10 
3 11 12 
4 9 10 
4 11 12 
5 7 13 
5 7 14 
6 8 13 
6 8 14 
9 11 14 
10 12 13 

Graph 376:

2 3 4 
1 3 5 
1 2 6 
1 7 8 
2 9 10 
3 11 12 
4 9 10 
4 11 13 
5 7 12 
5 7 13 
6 8 14 
6 9 14 
8 10 14 
11 12 13 

Graph 377:

2 3 4 
1 3 5 
1 2 6 
1 7 8 
2 9 10 
3 11 12 
4 9 10 
4 11 13 
5 7 12 
5 7 14 
6 8 14 
6 9 13 
8 12 14 
10 11 13 

Graph 378:

2 3 4 
1 3 5 
1 2 6 
1 7 8 
2 9 10 
3 11 12 
4 9 10 
4 11 13 
5 7 13 
5 7 14 
6 8 14 
6 13 14 
8 9 12 
10 11 12 

Graph 379:

2 3 4 
1 3 5 
1 2 6 
1 7 8 
2 9 10 
3 11 12 
4 9 10 
4 13 14 
5 7 11 
5 7 13 
6 9 14 
6 13 14 
8 10 12 
8 11 12 

Graph 380:

2 3 4 
1 3 5 
1 2 6 
1 7 8 
2 9 10 
3 11 12 
4 9 11 
4 10 12 
5 7 13 
5 8 13 
6 7 14 
6 8 14 
9 10 14 
11 12 13 

Graph 381:

2 3 4 
1 3 5 
1 2 6 
1 7 8 
2 9 10 
3 11 12 
4 9 11 
4 10 12 
5 7 13 
5 8 14 
6 7 13 
6 8 14 
9 11 14 
10 12 13 

Graph 382:

2 3 4 
1 3 5 
1 2 6 
1 7 8 
2 9 10 
3 11 12 
4 9 11 
4 10 12 
5 7 13 
5 8 14 
6 7 14 
6 8 13 
9 12 14 
10 11 13 

Graph 383:

2 3 4 
1 3 5 
1 2 6 
1 7 8 
2 9 10 
3 11 12 
4 9 11 
4 10 13 
5 7 12 
5 8 13 
6 7 14 
6 9 14 
8 10 14 
11 12 13 

Graph 384:

2 3 4 
1 3 5 
1 2 6 
1 7 8 
2 9 10 
3 11 12 
4 9 11 
4 10 13 
5 7 12 
5 8 14 
6 7 13 
6 9 14 
8 11 14 
10 12 13 

Graph 385:

2 3 4 
1 3 5 
1 2 6 
1 7 8 
2 9 10 
3 11 12 
4 9 11 
4 10 13 
5 7 12 
5 8 14 
6 7 14 
6 9 13 
8 12 14 
10 11 13 

Graph 386:

2 3 4 
1 3 5 
1 2 6 
1 7 8 
2 9 10 
3 11 12 
4 9 11 
4 10 13 
5 7 13 
5 8 12 
6 7 14 
6 10 14 
8 9 14 
11 12 13 

Graph 387:

2 3 4 
1 3 5 
1 2 6 
1 7 8 
2 9 10 
3 11 12 
4 9 11 
4 10 13 
5 7 13 
5 8 14 
6 7 14 
6 13 14 
8 9 12 
10 11 12 

Graph 388:

2 3 4 
1 3 5 
1 2 6 
1 7 8 
2 9 10 
3 11 12 
4 9 11 
4 10 13 
5 7 14 
5 8 11 
6 7 10 
6 13 14 
8 12 14 
9 12 13 

Graph 389:

2 3 4 
1 3 5 
1 2 6 
1 7 8 
2 9 10 
3 11 12 
4 9 11 
4 10 13 
5 7 14 
5 8 12 
6 7 13 
6 10 14 
8 11 14 
9 12 13 

Graph 390:

2 3 4 
1 3 5 
1 2 6 
1 7 8 
2 9 10 
3 11 12 
4 9 11 
4 10 13 
5 7 14 
5 8 12 
6 7 14 
6 10 13 
8 12 14 
9 11 13 

Graph 391:

2 3 4 
1 3 5 
1 2 6 
1 7 8 
2 9 10 
3 11 12 
4 9 11 
4 10 13 
5 7 14 
5 8 13 
6 7 14 
6 13 14 
8 10 12 
9 11 12 

Graph 392:

2 3 4 
1 3 5 
1 2 6 
1 7 8 
2 9 10 
3 11 12 
4 9 11 
4 10 13 
5 7 14 
5 8 14 
6 7 13 
6 13 14 
8 11 12 
9 10 12 

Graph 393:

2 3 4 
1 3 5 
1 2 6 
1 7 8 
2 9 10 
3 11 12 
4 9 11 
4 13 14 
5 7 11 
5 13 14 
6 7 9 
6 13 14 
8 10 12 
8 10 12 

Graph 394:

2 3 4 
1 3 5 
1 2 6 
1 7 8 
2 9 10 
3 11 12 
4 9 11 
4 13 14 
5 7 12 
5 13 14 
6 7 13 
6 9 14 
8 10 11 
8 10 12 

Graph 395:

2 3 4 
1 3 5 
1 2 6 
1 7 8 
2 9 10 
3 11 12 
4 9 11 
4 13 14 
5 7 13 
5 12 13 
6 7 14 
6 10 14 
8 9 10 
8 11 12 

Graph 396:

2 3 4 
1 3 5 
1 2 6 
1 7 8 
2 9 10 
3 11 12 
4 9 11 
4 13 14 
5 7 13 
5 12 14 
6 7 13 
6 10 14 
8 9 11 
8 10 12 

Graph 397:

2 3 4 
1 3 5 
1 2 6 
1 7 8 
2 9 10 
3 11 12 
4 9 11 
4 13 14 
5 7 13 
5 12 14 
6 7 14 
6 10 13 
8 9 12 
8 10 11 

Graph 398:

2 3 4 
1 3 5 
1 2 6 
1 7 8 
2 9 10 
3 11 12 
4 9 13 
4 11 13 
5 7 14 
5 12 13 
6 8 14 
6 10 14 
7 8 10 
9 11 12 

Graph 399:

2 3 4 
1 3 5 
1 2 6 
1 7 8 
2 9 10 
3 11 12 
4 9 13 
4 11 14 
5 7 14 
5 12 13 
6 8 13 
6 10 14 
7 10 11 
8 9 12 

Graph 400:

2 3 4 
1 5 6 
1 5 6 
1 5 7 
2 3 4 
2 3 7 
4 6 8 
7 9 10 
8 11 12 
8 13 14 
9 13 14 
9 13 14 
10 11 12 
10 11 12 

Graph 401:

2 3 4 
1 5 6 
1 5 6 
1 5 7 
2 3 4 
2 3 8 
4 8 9 
6 7 10 
7 11 12 
8 13 14 
9 13 14 
9 13 14 
10 11 12 
10 11 12 

Graph 402:

2 3 4 
1 5 6 
1 5 6 
1 5 7 
2 3 4 
2 3 8 
4 9 10 
6 9 11 
7 8 12 
7 13 14 
8 13 14 
9 13 14 
10 11 12 
10 11 12 

Graph 403:

2 3 4 
1 5 6 
1 5 6 
1 5 7 
2 3 4 
2 3 8 
4 9 10 
6 11 12 
7 11 13 
7 12 13 
8 9 14 
8 10 14 
9 10 14 
11 12 13 

Graph 404:

2 3 4 
1 5 6 
1 5 6 
1 5 7 
2 3 4 
2 3 8 
4 9 10 
6 11 12 
7 11 13 
7 12 14 
8 9 14 
8 10 13 
9 12 14 
10 11 13 

Graph 405:

2 3 4 
1 5 6 
1 5 6 
1 5 7 
2 3 4 
2 3 8 
4 9 10 
6 11 12 
7 11 13 
7 13 14 
8 9 14 
8 13 14 
9 10 12 
10 11 12 

Graph 406:

2 3 4 
1 5 6 
1 5 6 
1 7 8 
2 3 7 
2 3 9 
4 5 10 
4 9 11 
6 8 12 
7 13 14 
8 13 14 
9 13 14 
10 11 12 
10 11 12 

Graph 407:

2 3 4 
1 5 6 
1 5 6 
1 7 8 
2 3 7 
2 3 9 
4 5 10 
4 10 11 
6 12 13 
7 8 14 
8 12 13 
9 11 14 
9 11 14 
10 12 13 

Graph 408:

2 3 4 
1 5 6 
1 5 6 
1 7 8 
2 3 7 
2 3 9 
4 5 10 
4 11 12 
6 11 13 
7 12 13 
8 9 14 
8 10 14 
9 10 14 
11 12 13 

Graph 409:

2 3 4 
1 5 6 
1 5 6 
1 7 8 
2 3 7 
2 3 9 
4 5 10 
4 11 12 
6 11 13 
7 12 14 
8 9 14 
8 10 13 
9 12 14 
10 11 13 

Graph 410:

2 3 4 
1 5 6 
1 5 6 
1 7 8 
2 3 7 
2 3 9 
4 5 10 
4 11 12 
6 11 13 
7 13 14 
8 9 14 
8 13 14 
9 10 12 
10 11 12 

Graph 411:

2 3 4 
1 5 6 
1 5 6 
1 7 8 
2 3 9 
2 3 10 
4 9 10 
4 11 12 
5 7 13 
6 7 14 
8 13 14 
8 13 14 
9 11 12 
10 11 12 

Graph 412:

2 3 4 
1 5 6 
1 5 6 
1 7 8 
2 3 9 
2 3 10 
4 9 11 
4 9 12 
5 7 8 
6 13 14 
7 13 14 
8 13 14 
10 11 12 
10 11 12 

Graph 413:

2 3 4 
1 5 6 
1 5 6 
1 7 8 
2 3 9 
2 3 10 
4 9 11 
4 10 12 
5 7 13 
6 8 14 
7 12 13 
8 11 14 
9 11 14 
10 12 13 

Graph 414:

2 3 4 
1 5 6 
1 5 6 
1 7 8 
2 3 9 
2 3 10 
4 9 11 
4 10 12 
5 7 13 
6 8 14 
7 12 14 
8 11 13 
9 12 14 
10 11 13 

Graph 415:

2 3 4 
1 5 6 
1 5 6 
1 7 8 
2 3 9 
2 3 10 
4 9 11 
4 10 12 
5 7 13 
6 8 14 
7 13 14 
8 13 14 
9 11 12 
10 11 12 

Graph 416:

2 3 4 
1 5 6 
1 5 6 
1 7 8 
2 3 9 
2 3 10 
4 9 11 
4 11 12 
5 7 13 
6 12 14 
7 8 14 
8 10 13 
9 12 14 
10 11 13 

Graph 417:

2 3 4 
1 5 6 
1 5 6 
1 7 8 
2 3 9 
2 3 10 
4 9 11 
4 12 13 
5 7 12 
6 11 13 
7 10 14 
8 9 14 
8 10 14 
11 12 13 

Graph 418:

2 3 4 
1 5 6 
1 5 6 
1 7 8 
2 3 9 
2 3 10 
4 9 11 
4 12 13 
5 7 12 
6 13 14 
7 13 14 
8 9 14 
8 10 11 
10 11 12 

Graph 419:

2 3 4 
1 5 6 
1 5 6 
1 7 8 
2 3 9 
2 3 10 
4 9 11 
4 12 13 
5 7 14 
6 11 12 
7 10 13 
8 10 14 
8 11 14 
9 12 13 

Graph 420:

2 3 4 
1 5 6 
1 5 6 
1 7 8 
2 3 9 
2 3 10 
4 11 12 
4 11 13 
5 11 14 
6 12 13 
7 8 9 
7 10 14 
8 10 14 
9 12 13 

Graph 421:

2 3 4 
1 5 6 
1 5 6 
1 7 8 
2 3 9 
2 3 10 
4 11 12 
4 13 14 
5 11 13 
6 12 14 
7 9 14 
7 10 13 
8 9 12 
8 10 11 

Graph 422:

2 3 4 
1 5 6 
1 5 7 
1 6 7 
2 3 8 
2 4 9 
3 4 10 
5 11 12 
6 11 13 
7 12 13 
8 9 14 
8 10 14 
9 10 14 
11 12 13 

Graph 423:

2 3 4 
1 5 6 
1 5 7 
1 6 7 
2 3 8 
2 4 9 
3 4 10 
5 11 12 
6 11 13 
7 12 14 
8 9 14 
8 10 13 
9 12 14 
10 11 13 

Graph 424:

2 3 4 
1 5 6 
1 5 7 
1 6 8 
2 3 8 
2 4 9 
3 10 11 
4 5 12 
6 10 13 
7 9 14 
7 12 13 
8 11 14 
9 11 14 
10 12 13 

Graph 425:

2 3 4 
1 5 6 
1 5 7 
1 6 8 
2 3 8 
2 4 9 
3 10 11 
4 5 12 
6 13 14 
7 12 13 
7 13 14 
8 10 14 
9 10 11 
9 11 12 

Graph 426:

2 3 4 
1 5 6 
1 5 7 
1 6 8 
2 3 9 
2 4 10 
3 8 11 
4 7 12 
5 10 13 
6 9 14 
7 12 13 
8 11 14 
9 11 14 
10 12 13 

Graph 427:

2 3 4 
1 5 6 
1 5 7 
1 6 8 
2 3 9 
2 4 10 
3 8 11 
4 7 12 
5 10 13 
6 9 14 
7 12 14 
8 11 13 
9 12 14 
10 11 13 

Graph 428:

2 3 4 
1 5 6 
1 5 7 
1 6 8 
2 3 9 
2 4 10 
3 8 11 
4 7 12 
5 10 13 
6 9 14 
7 13 14 
8 13 14 
9 11 12 
10 11 12 

Graph 429:

2 3 4 
1 5 6 
1 5 7 
1 6 8 
2 3 9 
2 4 10 
3 8 11 
4 7 12 
5 11 13 
6 12 13 
7 9 14 
8 10 14 
9 10 14 
11 12 13 

Graph 430:

2 3 4 
1 5 6 
1 5 7 
1 6 8 
2 3 9 
2 4 10 
3 8 11 
4 7 12 
5 11 13 
6 12 14 
7 9 14 
8 10 13 
9 12 14 
10 11 13 

Graph 431:

2 3 4 
1 5 6 
1 5 7 
1 6 8 
2 3 9 
2 4 10 
3 8 11 
4 7 12 
5 11 13 
6 13 14 
7 9 14 
8 13 14 
9 10 12 
10 11 12 

Graph 432:

2 3 4 
1 5 6 
1 5 7 
1 6 8 
2 3 9 
2 4 10 
3 8 11 
4 7 12 
5 12 13 
6 11 13 
7 10 14 
8 9 14 
9 10 14 
11 12 13 

Graph 433:

2 3 4 
1 5 6 
1 5 7 
1 6 8 
2 3 9 
2 4 10 
3 8 11 
4 7 12 
5 12 13 
6 11 14 
7 10 13 
8 9 14 
9 11 14 
10 12 13 

Graph 434:

2 3 4 
1 5 6 
1 5 7 
1 6 8 
2 3 9 
2 4 10 
3 8 11 
4 7 12 
5 12 13 
6 13 14 
7 13 14 
8 9 14 
9 10 11 
10 11 12 

Graph 435:

2 3 4 
1 5 6 
1 5 7 
1 6 8 
2 3 9 
2 4 10 
3 8 11 
4 7 12 
5 13 14 
6 13 14 
7 12 13 
8 11 14 
9 10 11 
9 10 12 

Graph 436:

2 3 4 
1 5 6 
1 5 7 
1 6 8 
2 3 9 
2 4 10 
3 9 11 
4 10 12 
5 7 13 
6 8 14 
7 12 13 
8 11 14 
9 11 14 
10 12 13 

Graph 437:

2 3 4 
1 5 6 
1 5 7 
1 6 8 
2 3 9 
2 4 10 
3 9 11 
4 10 12 
5 7 13 
6 8 14 
7 12 14 
8 11 13 
9 12 14 
10 11 13 

Graph 438:

2 3 4 
1 5 6 
1 5 7 
1 6 8 
2 3 9 
2 4 10 
3 9 11 
4 10 12 
5 7 13 
6 8 14 
7 13 14 
8 13 14 
9 11 12 
10 11 12 

Graph 439:

2 3 4 
1 5 6 
1 5 7 
1 6 8 
2 3 9 
2 4 10 
3 9 11 
4 11 12 
5 7 13 
6 12 14 
7 8 14 
8 10 13 
9 12 14 
10 11 13 

Graph 440:

2 3 4 
1 5 6 
1 5 7 
1 6 8 
2 3 9 
2 4 10 
3 9 11 
4 11 12 
5 7 13 
6 13 14 
7 8 14 
8 13 14 
9 10 12 
10 11 12 

Graph 441:

2 3 4 
1 5 6 
1 5 7 
1 6 8 
2 3 9 
2 4 10 
3 9 11 
4 12 13 
5 7 12 
6 11 14 
7 10 13 
8 9 14 
8 11 14 
10 12 13 

Graph 442:

2 3 4 
1 5 6 
1 5 7 
1 6 8 
2 3 9 
2 4 10 
3 9 11 
4 12 13 
5 7 12 
6 13 14 
7 13 14 
8 9 14 
8 10 11 
10 11 12 

Graph 443:

2 3 4 
1 5 6 
1 5 7 
1 6 8 
2 3 9 
2 4 10 
3 10 11 
4 9 12 
5 8 13 
6 7 14 
7 12 13 
8 11 14 
9 11 14 
10 12 13 

Graph 444:

2 3 4 
1 5 6 
1 5 7 
1 6 8 
2 3 9 
2 4 10 
3 10 11 
4 11 12 
5 12 13 
6 7 14 
7 8 13 
8 9 14 
9 11 14 
10 12 13 

Graph 445:

2 3 4 
1 5 6 
1 5 7 
1 6 8 
2 3 9 
2 4 10 
3 10 11 
4 11 12 
5 13 14 
6 7 13 
7 8 14 
8 13 14 
9 10 12 
9 11 12 

Graph 446:

2 3 4 
1 5 6 
1 5 7 
1 6 8 
2 3 9 
2 4 10 
3 10 11 
4 12 13 
5 11 12 
6 7 14 
7 9 13 
8 9 14 
8 11 14 
10 12 13 

Graph 447:

2 3 4 
1 5 6 
1 5 7 
1 6 8 
2 3 9 
2 4 10 
3 10 11 
4 12 13 
5 11 14 
6 7 12 
7 9 13 
8 10 14 
8 11 14 
9 12 13 

Graph 448:

2 3 4 
1 5 6 
1 5 7 
1 6 8 
2 3 9 
2 4 10 
3 10 11 
4 12 13 
5 12 13 
6 7 14 
7 12 14 
8 9 11 
8 9 14 
10 11 13 

Graph 449:

2 3 4 
1 5 6 
1 5 7 
1 6 8 
2 3 9 
2 4 10 
3 11 12 
4 11 12 
5 13 14 
6 13 14 
7 8 13 
7 8 14 
9 10 11 
9 10 12 

Graph 450:

2 3 4 
1 5 6 
1 5 7 
1 6 8 
2 3 9 
2 4 10 
3 11 12 
4 11 13 
5 11 14 
6 12 13 
7 8 9 
7 10 14 
8 10 14 
9 12 13 

Graph 451:

2 3 4 
1 5 6 
1 5 7 
1 6 8 
2 3 9 
2 4 10 
3 11 12 
4 11 13 
5 11 14 
6 12 14 
7 8 9 
7 10 13 
8 12 14 
9 10 13 

Graph 452:

2 3 4 
1 5 6 
1 5 7 
1 6 8 
2 3 9 
2 4 10 
3 11 12 
4 11 13 
5 11 14 
6 13 14 
7 8 9 
7 13 14 
8 10 12 
9 10 12 

Graph 453:

2 3 4 
1 5 6 
1 5 7 
1 6 8 
2 3 9 
2 4 10 
3 11 12 
4 11 13 
5 12 14 
6 13 14 
7 8 14 
7 9 13 
8 10 12 
9 10 11 

Graph 454:

2 3 4 
1 5 6 
1 5 7 
1 6 8 
2 3 9 
2 4 10 
3 11 12 
4 11 13 
5 13 14 
6 12 14 
7 8 14 
7 10 13 
8 9 12 
9 10 11 

Graph 455:

2 3 4 
1 5 6 
1 5 7 
1 6 8 
2 3 9 
2 4 10 
3 11 12 
4 13 14 
5 11 12 
6 13 14 
7 9 13 
7 9 14 
8 10 11 
8 10 12 

Graph 456:

2 3 4 
1 5 6 
1 5 7 
1 6 8 
2 3 9 
2 4 10 
3 11 12 
4 13 14 
5 11 13 
6 12 14 
7 9 14 
7 10 13 
8 9 12 
8 10 11 

Graph 457:

2 3 4 
1 5 6 
1 5 7 
1 6 8 
2 3 9 
2 4 10 
3 11 12 
4 13 14 
5 13 14 
6 11 12 
7 10 13 
7 10 14 
8 9 11 
8 9 12 

Graph 458:

2 3 4 
1 5 6 
1 5 7 
1 8 9 
2 3 8 
2 7 10 
3 6 11 
4 5 12 
4 10 13 
6 9 14 
7 13 14 
8 13 14 
9 11 12 
10 11 12 

Graph 459:

2 3 4 
1 5 6 
1 5 7 
1 8 9 
2 3 8 
2 7 10 
3 6 11 
4 5 12 
4 12 13 
6 13 14 
7 13 14 
8 9 14 
9 10 11 
10 11 12 

Graph 460:

2 3 4 
1 5 6 
1 5 7 
1 8 9 
2 3 8 
2 9 10 
3 10 11 
4 5 12 
4 6 13 
6 7 14 
7 12 13 
8 11 14 
9 11 14 
10 12 13 

Graph 461:

2 3 4 
1 5 6 
1 5 7 
1 8 9 
2 3 8 
2 9 10 
3 11 12 
4 5 13 
4 6 11 
6 12 14 
7 9 14 
7 10 13 
8 12 14 
10 11 13 

Graph 462:

2 3 4 
1 5 6 
1 5 7 
1 8 9 
2 3 8 
2 9 10 
3 11 12 
4 5 13 
4 6 14 
6 11 12 
7 10 13 
7 10 14 
8 11 14 
9 12 13 

Graph 463:

2 3 4 
1 5 6 
1 5 7 
1 8 9 
2 3 8 
2 9 10 
3 11 12 
4 5 13 
4 6 14 
6 11 13 
7 10 14 
7 13 14 
8 10 12 
9 11 12 

Graph 464:

2 3 4 
1 5 6 
1 5 7 
1 8 9 
2 3 8 
2 9 10 
3 11 12 
4 5 13 
4 6 14 
6 11 14 
7 10 13 
7 13 14 
8 11 12 
9 10 12 

Graph 465:

2 3 4 
1 5 6 
1 5 7 
1 8 9 
2 3 8 
2 10 11 
3 10 11 
4 5 12 
4 13 14 
6 7 13 
6 7 14 
8 13 14 
9 10 12 
9 11 12 

Graph 466:

2 3 4 
1 5 6 
1 5 7 
1 8 9 
2 3 8 
2 10 11 
3 10 12 
4 5 13 
4 10 14 
6 7 9 
6 12 13 
7 11 14 
8 11 14 
9 12 13 

Graph 467:

2 3 4 
1 5 6 
1 5 7 
1 8 9 
2 3 8 
2 10 11 
3 10 12 
4 5 13 
4 10 14 
6 7 9 
6 13 14 
7 13 14 
8 11 12 
9 11 12 

Graph 468:

2 3 4 
1 5 6 
1 5 7 
1 8 9 
2 3 8 
2 10 11 
3 10 12 
4 5 13 
4 11 12 
6 7 14 
6 9 13 
7 9 14 
8 11 14 
10 12 13 

Graph 469:

2 3 4 
1 5 6 
1 5 7 
1 8 9 
2 3 8 
2 10 11 
3 10 12 
4 5 13 
4 11 14 
6 7 14 
6 9 12 
7 11 13 
8 12 14 
9 10 13 

Graph 470:

2 3 4 
1 5 6 
1 5 7 
1 8 9 
2 3 8 
2 10 11 
3 12 13 
4 5 14 
4 10 11 
6 9 12 
6 9 13 
7 10 14 
7 11 14 
8 12 13 

Graph 471:

2 3 4 
1 5 6 
1 5 7 
1 8 9 
2 3 8 
2 10 11 
3 12 13 
4 5 14 
4 10 12 
6 9 13 
6 12 14 
7 9 11 
7 10 14 
8 11 13 

Graph 472:

2 3 4 
1 5 6 
1 5 7 
1 8 9 
2 3 8 
2 10 11 
3 12 13 
4 5 14 
4 10 12 
6 9 13 
6 13 14 
7 9 14 
7 10 11 
8 11 12 

Graph 473:

2 3 4 
1 5 6 
1 5 7 
1 8 9 
2 3 10 
2 8 11 
3 9 11 
4 6 12 
4 7 13 
5 12 13 
6 7 14 
8 10 14 
9 10 14 
11 12 13 

Graph 474:

2 3 4 
1 5 6 
1 5 7 
1 8 9 
2 3 10 
2 8 11 
3 9 11 
4 6 12 
4 7 13 
5 12 14 
6 7 14 
8 10 13 
9 12 14 
10 11 13 

Graph 475:

2 3 4 
1 5 6 
1 5 7 
1 8 9 
2 3 10 
2 8 11 
3 9 12 
4 6 12 
4 7 13 
5 11 13 
6 10 14 
7 8 14 
9 10 14 
11 12 13 

Graph 476:

2 3 4 
1 5 6 
1 5 7 
1 8 9 
2 3 10 
2 8 11 
3 9 12 
4 6 12 
4 7 13 
5 11 14 
6 10 13 
7 8 14 
9 11 14 
10 12 13 

Graph 477:

2 3 4 
1 5 6 
1 5 7 
1 8 9 
2 3 10 
2 8 11 
3 9 12 
4 6 12 
4 7 13 
5 13 14 
6 13 14 
7 8 14 
9 10 11 
10 11 12 

Graph 478:

2 3 4 
1 5 6 
1 5 7 
1 8 9 
2 3 10 
2 8 11 
3 9 12 
4 6 13 
4 7 13 
5 11 12 
6 10 14 
7 10 14 
8 9 14 
11 12 13 

Graph 479:

2 3 4 
1 5 6 
1 5 7 
1 8 9 
2 3 10 
2 8 11 
3 9 12 
4 6 13 
4 7 13 
5 11 14 
6 10 12 
7 11 14 
8 9 14 
10 12 13 

Graph 480:

2 3 4 
1 5 6 
1 5 7 
1 8 9 
2 3 10 
2 8 11 
3 9 12 
4 6 13 
4 7 14 
5 11 12 
6 10 14 
7 10 13 
8 12 14 
9 11 13 

Graph 481:

2 3 4 
1 5 6 
1 5 7 
1 8 9 
2 3 10 
2 8 11 
3 9 12 
4 6 13 
4 7 14 
5 11 14 
6 10 12 
7 11 13 
8 12 14 
9 10 13 

Graph 482:

2 3 4 
1 5 6 
1 5 7 
1 8 9 
2 3 10 
2 8 11 
3 9 12 
4 6 13 
4 7 14 
5 13 14 
6 12 13 
7 11 14 
8 10 11 
9 10 12 

Graph 483:

2 3 4 
1 5 6 
1 5 7 
1 8 9 
2 3 10 
2 8 11 
3 9 12 
4 6 13 
4 7 14 
5 13 14 
6 12 14 
7 11 13 
8 10 12 
9 10 11 

Graph 484:

2 3 4 
1 5 6 
1 5 7 
1 8 9 
2 3 10 
2 8 11 
3 11 12 
4 6 12 
4 10 13 
5 9 14 
6 7 13 
7 8 14 
9 11 14 
10 12 13 

Graph 485:

2 3 4 
1 5 6 
1 5 7 
1 8 9 
2 3 10 
2 8 11 
3 11 12 
4 6 12 
4 13 14 
5 13 14 
6 7 13 
7 8 14 
9 10 11 
9 10 12 

Graph 486:

2 3 4 
1 5 6 
1 5 7 
1 8 9 
2 3 10 
2 8 11 
3 11 12 
4 6 13 
4 10 12 
5 9 14 
6 7 13 
7 9 14 
8 11 14 
10 12 13 

Graph 487:

2 3 4 
1 5 6 
1 5 7 
1 8 9 
2 3 10 
2 8 11 
3 11 12 
4 6 13 
4 10 12 
5 9 14 
6 7 14 
7 9 13 
8 12 14 
10 11 13 

Graph 488:

2 3 4 
1 5 6 
1 5 7 
1 8 9 
2 3 10 
2 8 11 
3 11 12 
4 6 13 
4 10 14 
5 9 12 
6 7 14 
7 10 13 
8 12 14 
9 11 13 

Graph 489:

2 3 4 
1 5 6 
1 5 7 
1 8 9 
2 3 10 
2 8 11 
3 11 12 
4 6 13 
4 11 14 
5 12 14 
6 7 9 
7 10 13 
8 12 14 
9 10 13 

Graph 490:

2 3 4 
1 5 6 
1 5 7 
1 8 9 
2 3 10 
2 8 11 
3 11 12 
4 6 13 
4 12 13 
5 13 14 
6 7 14 
7 9 14 
8 9 10 
10 11 12 

Graph 491:

2 3 4 
1 5 6 
1 5 7 
1 8 9 
2 3 10 
2 8 11 
3 11 12 
4 6 13 
4 12 14 
5 12 13 
6 7 14 
7 9 10 
8 10 14 
9 11 13 

Graph 492:

2 3 4 
1 5 6 
1 5 7 
1 8 9 
2 3 10 
2 8 11 
3 11 12 
4 6 13 
4 12 14 
5 13 14 
6 7 14 
7 9 13 
8 10 12 
9 10 11 

Graph 493:

2 3 4 
1 5 6 
1 5 7 
1 8 9 
2 3 10 
2 8 11 
3 12 13 
4 6 12 
4 11 13 
5 12 14 
6 9 14 
7 8 10 
7 9 14 
10 11 13 

Graph 494:

2 3 4 
1 5 6 
1 5 7 
1 8 9 
2 3 10 
2 8 11 
3 12 13 
4 6 12 
4 11 13 
5 13 14 
6 9 14 
7 8 14 
7 9 10 
10 11 12 

Graph 495:

2 3 4 
1 5 6 
1 5 7 
1 8 9 
2 3 10 
2 8 11 
3 12 13 
4 6 12 
4 11 14 
5 12 14 
6 9 13 
7 8 10 
7 11 14 
9 10 13 

Graph 496:

2 3 4 
1 5 6 
1 5 7 
1 8 9 
2 3 10 
2 8 11 
3 12 13 
4 6 12 
4 11 14 
5 13 14 
6 9 13 
7 8 14 
7 10 11 
9 10 12 

Graph 497:

2 3 4 
1 5 6 
1 5 7 
1 8 9 
2 3 10 
2 8 11 
3 12 13 
4 6 12 
4 13 14 
5 12 14 
6 13 14 
7 8 10 
7 9 11 
9 10 11 

Graph 498:

2 3 4 
1 5 6 
1 5 7 
1 8 9 
2 3 10 
2 11 12 
3 11 13 
4 10 11 
4 12 13 
5 8 14 
6 7 8 
6 9 14 
7 9 14 
10 12 13 

Graph 499:

2 3 4 
1 5 6 
1 5 7 
1 8 9 
2 3 10 
2 11 12 
3 11 13 
4 10 12 
4 11 13 
5 8 14 
6 7 9 
6 8 14 
7 9 14 
10 12 13 

Graph 500:

2 3 4 
1 5 6 
1 5 7 
1 8 9 
2 3 10 
2 11 12 
3 11 13 
4 10 12 
4 11 14 
5 8 14 
6 7 9 
6 8 13 
7 12 14 
9 10 13 

Graph 501:

2 3 4 
1 5 6 
1 7 8 
1 9 10 
2 7 9 
2 8 11 
3 5 12 
3 6 13 
4 5 14 
4 11 12 
6 10 14 
7 10 13 
8 12 14 
9 11 13 

Graph 502:

2 3 4 
1 5 6 
1 7 8 
1 9 10 
2 7 9 
2 8 11 
3 5 12 
3 6 13 
4 5 14 
4 11 13 
6 10 14 
7 13 14 
8 10 12 
9 11 12 

Graph 503:

2 3 4 
1 5 6 
1 7 8 
1 9 10 
2 7 9 
2 8 11 
3 5 12 
3 6 13 
4 5 14 
4 12 13 
6 12 14 
7 10 11 
8 10 14 
9 11 13 

Graph 504:

2 3 4 
1 5 6 
1 7 8 
1 9 10 
2 7 9 
2 11 12 
3 5 13 
3 10 11 
4 5 14 
4 8 12 
6 8 13 
6 10 14 
7 11 14 
9 12 13 

Graph 505:

2 3 4 
1 5 6 
1 7 8 
1 9 10 
2 7 9 
2 11 12 
3 5 13 
3 10 11 
4 5 14 
4 8 12 
6 8 14 
6 10 13 
7 12 14 
9 11 13 

Graph 506:

2 3 4 
1 5 6 
1 7 8 
1 9 10 
2 7 9 
2 11 12 
3 5 13 
3 11 14 
4 5 14 
4 11 13 
6 8 10 
6 13 14 
7 10 12 
8 9 12 

Graph 507:

2 3 4 
1 5 6 
1 7 8 
1 9 10 
2 7 11 
2 9 12 
3 5 13 
3 10 12 
4 6 13 
4 8 11 
5 10 14 
6 8 14 
7 9 14 
11 12 13 

Graph 508:

2 3 4 
1 5 6 
1 7 8 
1 9 10 
2 7 11 
2 9 12 
3 5 13 
3 10 12 
4 6 13 
4 8 14 
5 12 14 
6 8 11 
7 9 14 
10 11 13 

Graph 509:

2 3 4 
1 5 6 
1 7 8 
1 9 10 
2 11 12 
2 13 14 
3 11 13 
3 12 14 
4 11 14 
4 12 13 
5 7 9 
5 8 10 
6 7 10 
6 8 9 
